2048
804289383
846930886
681692777
714636915
957747793
424238335
719885386
649760492
596516649
189641421
25202362
350490027
783368690
102520059
44897763
967513926
365180540
540383426
304089172
303455736
35005211
521595368
294702567
726956429
336465782
861021530
278722862
233665123
145174067
468703135
101513929
801979802
315634022
635723058
369133069
125898167
59961393
89018456
628175011
656478042
131176229
653377373
859484421
914544919
608413784
756898537
734575198
973594324
149798315
38664370
129566413
184803526
412776091
424268980
911759956
749241873
137806862
42999170
982906996
135497281
511702305
84420925
937477084
827336327
572660336
159126505
805750846
632621729
100661313
433925857
141616124
84353895
939819582
1100545
998898814
548233367
610515434
585990364
374344043
760313750
477171087
356426808
945117276
889947178
780695788
709393584
491705403
918502651
752392754
474612399
53999932
264095060
411549676
843993368
943947739
984210012
855636226
749698586
469348094
956297539
36140795
463480570
40651434
975960378
317097467
892066601
376710097
927612902
330573317
603570492
687926652
660260756
959997301
485560280
402724286
593209441
194953865
894429689
364228444
947346619
221558440
270744729
63958031
633108117
114738097
7905771
469834481
822890675
610120709
791698927
631704567
498777856
255179497
524872353
327254586
572276965
269455306
703964683
352406219
600028624
160051528
40332871
112805732
120048829
378409503
515530019
713258270
573363368
409959708
77486715
373226340
631518149
200747796
289700723
117142618
168002245
150122846
439493451
990892921
760243555
231192379
622597488
111537764
338888228
147469841
438792350
911165193
269441500
142757034
116087764
869470124
155324914
8936987
982275856
275373743
387346491
350322227
841148365
960709859
760281936
771151432
186452551
244316437
971899228
476153275
213975407
139901474
626276121
653468858
130794395
239036029
884661237
605908235
350573793
76065818
605894428
789366143
987231011
875335928
784639529
103318776
597322404
939964443
112255763
432114613
67854538
352118606
782436840
909002904
165344818
395235128
532670688
351797369
492067917
504569917
680466996
706043324
496987743
159259470
359512183
480298490
398295499
96689772
86206725
601385644
172755590
544617505
243268139
12502954
272469786
27907669
968338082
722308542
820388464
933110197
6939507
740759355
285228804
789376348
502278611
450573622
37127828
34949299
654887343
529195746
392035568
335354340
87755422
889023311
494613810
447267605
369321801
745425661
396473730
308044878
346811305
569229320
705178736
590079444
434248626
977648522
470503465
402586708
552473416
143408282
188213258
559412924
884167637
473442062
201305624
238962600
776532036
238433452
273911899
431419379
620145550
665947468
619290071
707900973
407487131
113903881
7684930
776808933
711845894
404158660
937370163
58657199
973387981
642548899
501252996
260152959
472713773
824272813
662739668
25187190
967681095
850952926
437116466
704365084
176911340
638422090
943327684
953443376
876855542
69755936
237379107
349517445
588219756
856669179
57418418
995706887
823089412
65103348
625032172
387451659
469262009
562402336
298625210
295166342
57467587
799878206
555319301
382697713
476667372
70575321
260401255
296864819
774044599
697517721
1229904
950955939
335939811
797073940
756915667
65311705
719346228
846811127
414829150
307565984
555996658
324763920
155789224
231602422
389867269
780821396
619054081
711645630
195740084
917679292
6811972
253207672
570073850
414647625
635905385
46741222
337739299
896306640
343606042
111783898
446340713
197352298
915256190
782280524
846942590
524688209
700108581
566288819
371499336
114937732
726371155
927495994
292218004
882160379
11614769
682085273
662981776
630668850
246247255
858721860
548348142
105575579
964445884
118421993
520223205
452867621
17679567
857962504
201690613
213801961
822262754
648031326
411154259
737518944
282828202
110613202
114723506
982936784
676902021
486222842
950390868
255789528
266235189
242608872
137949908
277849958
777210498
653448036
908518808
23457753
364686248
309383303
129033333
329132133
280321648
501772890
781999754
150517567
212251746
983690368
364319529
34514500
484238046
775473788
624549797
767066249
886086990
739273303
750003033
415505363
78012497
552910253
671294892
344247686
795519125
661761152
474613996
425245975
315209188
235649157
448703729
679895436
545032460
430253414
861543921
677870460
932026304
496060028
828388027
144278050
332266748
192707556
31308902
816504794
820697697
655858699
583571043
559301039
395132002
186090428
974806403
473144500
739000681
498617647
669908538
387036159
12895151
144522535
812282134
328104339
380171692
113502215
860516127
777720504
543755629
722060049
455590964
328298285
70636429
136495343
472576335
402903177
329202900
503885238
219407971
2416949
12260289
655495367
561717988
407392292
841585795
389040743
733053144
433102829
887658390
402961682
672655340
900553541
400000569
337453826
81174232
780172261
450956042
941690360
410409117
847228023
516266761
866000081
175526309
586903190
2495425
500618996
989806367
184214677
4504234
61730690
186631626
16764524
717226057
748349614
276673168
411328205
137390358
9726312
696947386
877565100
265204346
369602726
630634994
665204916
707056552
564325578
297893529
10528946
358532290
708302647
857756970
874799051
426819080
885799631
314218593
281830857
386418627
156541312
318561886
243439214
70788355
505193512
112720090
788014412
106059479
241909610
51858969
95966189
104152274
748806355
826047641
369356620
970925433
309198987
887077888
530498338
873524566
37487770
541027284
232056856
745790417
251300606
959372260
25125849
137100237
126107205
159473059
376035217
282648518
478034945
471990783
353436873
983228458
584710873
993967637
941804289
826620483
45826607
37770478
930772757
647149314
716334471
152645729
470591100
25533459
39723618
1089438
899058025
77211388
394633074
983631233
675518157
645933681
943003493
553160358
635550270
69110699
712633417
864101839
204275569
190668363
336092622
410228794
26413173
773319847
404196431
968217462
452456682
302539390
858504292
235745791
802205057
427355115
388391521
272796157
452888574
280631491
126401947
204462951
210359231
521035021
40610537
738393740
19485054
983614030
291554098
655035325
905241081
4187516
371653516
962033002
47372231
707746139
372261796
73785404
333582338
628974580
894519218
786039021
931513970
605539862
21784812
586235379
32894977
262692685
859031536
338299904
543324176
985433483
395279207
606199759
358984857
435889744
344593499
378469911
272020127
488663950
33505236
29777560
345367818
257675105
991810563
392740049
965421244
216588711
319041805
151519934
845563291
66077375
937558955
629593614
524133589
959343768
215828993
409544918
74552805
927376882
747844822
617876982
765326717
143124030
76593093
124311574
431530126
421186593
502781486
703550253
909850543
388803074
733327814
107734713
646478179
725138377
500474762
464415775
941727088
672032919
615935710
639806732
738110294
406011017
269400346
114760235
217871137
337745691
524305153
292423943
265122573
124666328
910300925
30449291
120306710
986894018
7277217
551836836
260596963
362575055
255387090
22963858
751378130
988714904
130698571
250372661
566369633
483689685
567304789
360613073
155722604
35756851
419805
746349250
441767868
122336503
861109485
659639006
460082195
385414639
952062949
577721120
510080967
714880226
460686763
630387677
554290596
467963981
34740865
814887560
830539036
290127955
690367770
434433518
131359211
821066342
537322532
550245196
157272379
104627321
910858270
312994984
140384172
763794427
59344234
582152040
738647283
772970072
94307398
51245830
10901063
46370347
628966950
520982030
761250573
89653714
3886059
168057522
410134047
38626924
982945082
93189435
181271232
525829204
527622954
312630443
199411898
64945486
862875640
356684278
22089159
626250262
669679262
14989683
242561041
581539848
597141723
981208324
207026272
691449122
32454154
217927335
590335821
513937457
738909365
204102747
603591171
595311776
372160269
13725218
633938701
207621703
106914653
815209933
733450907
487053959
980356728
932862806
404515797
695748720
289547084
279121308
174515334
811742698
294110991
417076376
245798898
891252715
250801052
452825171
435218189
135771559
670752506
25554010
649709016
262178224
82173109
105816539
857490000
454333378
972058109
343945053
661955081
931489114
11671338
395405989
271059426
992028067
180785147
675575223
687776787
470332231
954696532
862292122
134591281
101323875
131884850
380390179
992576590
235202254
833215350
280311131
370973813
503967857
158381494
873199181
766146081
240554603
979015720
476152433
694887982
803590181
820097487
209359415
735079296
831768825
604765404
6138722
823796892
785550551
534230297
364090032
108399134
341443181
78898506
242990415
442767057
63299708
623380595
287859999
298501962
309112297
420687483
669475776
813080154
579068977
395191309
431742587
672139932
226723382
907895021
219544266
30313563
580508860
428903682
617909211
412277685
33669086
476564285
88590930
671735990
10794583
305197314
632651476
204754116
384095820
875641892
500037525
447395528
351538839
787897525
745897490
660651136
61101360
267889618
326247643
640170337
663080928
610506582
164826621
889804310
370917955
384370888
772634225
951426815
813274570
390543437
216220853
699460008
867107722
304811783
223712350
730418657
610009097
856363827
787689126
846621269
584522071
287726651
146533149
936060910
928140528
892430639
449228398
989241888
12836610
627992393
481928577
528433890
238498976
646755199
270754552
609416931
31126087
43388777
413360099
844400657
286448566
629580952
396377017
6072641
934392735
620089368
736491298
396918184
476453195
376696776
96055805
60975266
664423428
242588954
849552528
445080308
135019593
151297278
434322197
372555
779289672
916250774
528806445
870305000
415522325
799560997
332238283
446648412
695466127
745598382
143565421
981914693
375179334
539942439
987987334
162088421
12548159
576994985
411522957
489001354
953691761
507578762
402492972
470631541
750167716
104561852
915711850
737703662
108375482
202550399
738076217
887665154
118801173
119399015
610486506
386839851
771476364
942724790
833488263
466942491
688323172
829570037
301373537
916018859
222028828
289360871
78107280
234576987
866355856
342146590
723578341
672563970
849725352
978587665
143195511
599893069
83149517
58907361
190113083
44041351
113974112
928189300
931706506
85291638
900104667
394709364
472131489
671581032
337434154
158136104
991039875
878273679
987706141
292413412
794292538
209734969
434290636
724916170
444311956
153162844
67062760
20406649
825726814
769304465
998994314
968922326
221713886
934660183
880346039
411826969
978701535
994320152
192532621
762924393
79611790
92637289
10150109
404259631
616734673
347584264
562395735
607774548
78374295
550101877
752704313
872666833
612353198
186994949
450099355
56665155
340157793
369678468
929588156
18400960
138982933
781098823
987323286
213213171
568275358
720185677
625040140
399493245
567022181
817572761
14933990
499150323
910210050
25084100
903409954
379461075
372668364
318322042
987235624
451042659
868423919
592456289
176225844
333293469
779451238
478841551
242474976
972125383
848520019
172063133
990526343
840019304
953161956
830365981
53232475
373953666
403068011
530788967
773446912
970090192
348361729
788380902
321756868
111088131
813465002
77683174
490549207
38649718
396005216
330301183
489692377
116945487
922757472
518434573
450238957
554725062
997276125
692713933
379366797
698312496
717293418
369893141
390848153
522971726
52775474
296596980
896925393
455843485
827385948
670372305
278450030
28264029
311269559
600206898
139352160
124734562
530406424
482417719
163384280
926411641
812718902
505593010
895873480
587992726
24027583
198628789
995234140
21303708
891342723
374600938
572132557
461152493
597010431
962980710
984124220
649785905
259577690
881049613
105629391
86963638
403938270
384079421
115227667
715207829
836802671
107096180
692458743
367209095
589513899
855843024
146137088
254749154
213952386
42010569
695258232
237979969
93155710
690492373
111800030
984498433
917609663
683932587
298167279
514620094
499429649
282291499
16922351
759007339
15857464
122551742
698487330
272312086
359147515
666231349
987519915
195950186
625843881
532495011
415675634
67874133
240854387
561812722
322623287
454806773
456339643
17881519
692786742
549495354
560890244
657103124
386510139
331016259
193552063
684677418
845636353
692981712
819485269
862558705
304505404
835342733
837626799
2992734
107654819
196774315
521740435
947691087
245240853
100669
332702450
660916487
67974802
573556837
75245562
390598089
28363610
531585205
260995960
573666704
933596911
674402557
230769829
172623403
5418816
424321892
857300821
703571522
117303605
529302443
418646579
274325361
217161528
256273378
129834447
177332700
305564045
651574882
125023787
550804899
651675551
310242589
211721386
719650353
883799426
286966948
962764794
912163036
671068506
76277107
338346092
604665417
750679664
569115921
777288820
756098480
845954166
487105994
312186354
815774123
16408437
730832933
90099484
86086317
987106312
219933931
263419017
145186709
724025165
240959156
695991608
228217069
551201745
907712995
947867422
435001171
47196295
763148569
199680559
718264801
839425676
538026652
175446571
590105340
959658925
805251743
198720172
805613091
144874089
510906527
473903566
13798878
94255812
564003050
99885196
81362124
636453333
363304213
79065186
360478499
604263370
775056794
588695568
155465115
535286141
389079342
442982639
582482437
4744263
642663198
153263590
844169939
33206202
181226513
286791631
992865128
986478257
485511804
650994571
131352346
848934683
124898138
145151225
943190495
541417540
245036421
877068972
30387226
608340634
956134158
390865725
65120356
731190952
832077645
220585472
118993446
73673339
663568111
701475883
78417603
158747661
707255825
922587542
44470216
888482339
209379174
37335344
874960596
547407330
540846267
858829294
396342013
518260757
3980519
192048860
912194650
101533292
69117832
942581876
562390279
25251990
185963953
627510635
608959295
18041598
848096107
727952741
91714937
364180570
281944976
170132540
375444584
989200801
92720083
419914800
730199492
154615609
309766496
457676440
702022939
850612763
316505735
950881304
221389873
173002606
142930164
133584523
127052251
64564349
928682751
689442530
89816339
114646704
316953165
551291986
132688302
17565625
131761079
76919591
234262547
266222407
99568484
609707131
107939561
44804919
29621931
838139053
199420528
339388427
295815494
753959819
42517543
464837581
704841123
116423768
637840187
700287639
102524643
764892438
764851988
31207394
306851320
707184680
145854098
623804486
110993018
131058752
493886463
242754098
60494695
728149010
508976505
160063179
337856142
616916066
204868098
219994425
307571472
256804978
559382853
603386966
10764797
454416748
68224547
568122272
570840516
558581086
268409912
673365159
175989877
33261900
704572553
482841197
592962932
702943003
959162035
703955951
686518107
453048498
946710049
599529154
33713861
308202906
759592334
371570003
777635325
816976784
591564428
85206797
73781763
3463633
541110115
84546560
457880381
461851014
505185185
28720897
20432100
773595097
554602408
48938329
659373349
111691313
384295879
104852634
814634316
343457914
808808585
353668775
649022765
608034986
953197930
682736626
916237892
565306616
54306629
546389569
234799752
498387409
631596366
308581515
354367395
25222833
245644428
812247776
487073847
750829613
693485026
360022300
376941062
100603786
408960629
888830763
212295100
793256508
993683397
26929416
989230775
802491982
233114544
638253540
263043320
38828826
173506518
31797565
456651794
80329499
578187134
691451546
578716908
62299853
33062
933084303
87522686
98193842
597848432
574596534
701539807
143849810
934618834
78480869
244453596
196095815
819827984
456748696
989352324
813511382
336194465
831099451
468519716
421825361
321869343
731563037
460654187
495375861
763360602
917305981
575705360
194064088
461273879
6938620
256363941
313823293
940022924
343886628
412017135
390387708
918483162
113556942
386753870
853101996
44554163
631207466
49197811
716898500
940472515
891066487
382926234
129183332
574682290
851445950
551008693
896551633
435525339
11662880
391927494
51402293
781485213
967632854
245466382
95275444
974571475
501830323
409098738
767110751
845716951
821115873
10014811
616716465
787189168
396768681
322334813
684259683
880492499
224048977
253674535
820965014
115115464
636600769
950148346
542314107
340563072
353673391
438865740
776088411
217852623
683309587
680007057
999337836
503458793
925473439
94613281
330546620
279820114
356228371
97657371
978053418
29860596
960188534
594769883
817049764
209473567
917104697
353825800
89966067
141153674
607500335
763447433
108785490
96617457
566112132
503615949
437180529
919785523
942481690
65785292
137638147
478307629
745792349
989492335
981766422
523782140
936621968
312313043
803602255
292850339
262486766
634172025
322710936
75191653
81458260
992277052
284665220
998562957
198619204
374631287
992232983
806119540
138078721
953534826
902736997
556707205
309667127
192433878
476492728
104665169
258219170
466647227
582972798
4011520
456139563
564739221
527793660
245277883
729568616
183912267
538128223
992055382
818084292
713355511
67247035
899542553
705632563
204428608
750621862
904251768
579059895
595371198
562887660
569654968
401422376
318141009
126362173
711089503
510574887
455371254
815754673
768794057
922018481
251243823
625321929
230674396
815983044
5631942
475952280
398068012
189544209
866596855
242639747
860144854
579952366
162403134
612203759
138101281
366831742
215341973
894869401
945891638
810713171
310273413
368062958
64651899
628414422
346941484
628257755
991505661
654829090
296528780
612816071
429363923
547772603
238138000
660038320
216272000
243769942
988506952
614340012
285830504
855103807
856979759
145975358
287572525
19382894
758179117
278190158
386214636
973521090
173059560
184622626
636750614
483332973
405201937
553918865
964263748
752143421
182176620
955769409
259488863
478705400
421101832
688852786
26478004
659239833
201407458
95266356
755526127
189914410
709606368
41356631
897534569
566586128
39848341
37623446
438485374
798027458
315813605
824700010
624064901
488873165
861838989
113331867
824722490
267040926
667250732
788986238
871700699
701943705
597272000
131189562
33165457
18373832
820042348
59643461
530130017
21449807
7426169
138172497
63880569
717032538
179529128
961415139
136135018
219377470
999038585
574620392
869921280
167368542
251836754
346502533
656241707
113675743
459834400
333480550
233233021
979601485
122466788
104933720
681545190
572255140
88639634
714710647
443145325
908681983
626870461
825791694
782648142
634296630
963964191
699045063
203845520
143493320
512976554
339980538
215387142
364531492
914600930
85308422
531900034
166437685
284327308
40658094
132629780
744161708
374138644
365862802
576279545
349121784
470796522
110341087
921376925
559436157
825051735
217038602
320634492
304438548
42830296
955798986
791251530
859310840
654844049
995097051
855320512
20336956
335077589
70707654
384868448
102194872
8532428
916768482
268632557
145376088
957426576
401262337
889537797
331565220
767125139
318333694
680687005
90438014
428674782
454580282
502390523
106242869
524135236
823025015
410681417
419481884
631340353
54449299
278792724
138700754
49546350
134113236
159037710
237140292
57337242
543906158
339335164
918386023
460674641
607967721
63762111
270617569
861746410
805816260
602182790
481387902
124149955
135386147
571825916
405341089
442482781
74216439
511583958
966618017
749757806
922265375
386099901
233614511
976714674
517408978
372315265
878777377
504038566
531352976
115917669
413892161
75259134
455252833
184794536
388450127
915736906
101072999
659067697
777483316
906889260
113766839
111387570
883555567
249152986
683213486
141413008
691635767
609946277
652996966
510770136
212220435
427778693
896870037
445834946
257009719
266795367
818150212
135787096
770833934
202019540
104221117
184726095
277278674
559473950
369520631
665728802
327727208
470593630
177312851
105210525
229999242
291079690
69114447
966071161
540232676
752327934
107484169
84384795
214790563
760481135
595154931

