33062
100669
372555
419805
1089438
1100545
1229904
2416949
2495425
2992734
3463633
3886059
3980519
4011520
4187516
4504234
4744263
5418816
5631942
6072641
6138722
6811972
6938620
6939507
7277217
7426169
7684930
7905771
8532428
8936987
9726312
10014811
10150109
10528946
10764797
10794583
10901063
11614769
11662880
11671338
12260289
12502954
12548159
12836610
12895151
13725218
13798878
14933990
14989683
15857464
16408437
16764524
16922351
17565625
17679567
17881519
18041598
18373832
18400960
19382894
19485054
20336956
20406649
20432100
21303708
21449807
21784812
22089159
22963858
23457753
24027583
25084100
25125849
25187190
25202362
25222833
25251990
25533459
25554010
26413173
26478004
26929416
27907669
28264029
28363610
28720897
29621931
29777560
29860596
30313563
30387226
30449291
31126087
31207394
31308902
31797565
32454154
32894977
33165457
33206202
33261900
33505236
33669086
33713861
34514500
34740865
34949299
35005211
35756851
36140795
37127828
37335344
37487770
37623446
37770478
38626924
38649718
38664370
38828826
39723618
39848341
40332871
40610537
40651434
40658094
41356631
42010569
42517543
42830296
42999170
43388777
44041351
44470216
44554163
44804919
44897763
45826607
46370347
46741222
47196295
47372231
48938329
49197811
49546350
51245830
51402293
51858969
52775474
53232475
53999932
54306629
54449299
56665155
57337242
57418418
57467587
58657199
58907361
59344234
59643461
59961393
60494695
60975266
61101360
61730690
62299853
63299708
63762111
63880569
63958031
64564349
64651899
64945486
65103348
65120356
65311705
65785292
66077375
67062760
67247035
67854538
67874133
67974802
68224547
69110699
69114447
69117832
69755936
70575321
70636429
70707654
70788355
73673339
73781763
73785404
74216439
74552805
75191653
75245562
75259134
76065818
76277107
76593093
76919591
77211388
77486715
77683174
78012497
78107280
78374295
78417603
78480869
78898506
79065186
79611790
80329499
81174232
81362124
81458260
82173109
83149517
84353895
84384795
84420925
84546560
85206797
85291638
85308422
86086317
86206725
86963638
87522686
87755422
88590930
88639634
89018456
89653714
89816339
89966067
90099484
90438014
91714937
92637289
92720083
93155710
93189435
94255812
94307398
94613281
95266356
95275444
95966189
96055805
96617457
96689772
97657371
98193842
99568484
99885196
100603786
100661313
101072999
101323875
101513929
101533292
102194872
102520059
102524643
103318776
104152274
104221117
104561852
104627321
104665169
104852634
104933720
105210525
105575579
105629391
105816539
106059479
106242869
106914653
107096180
107484169
107654819
107734713
107939561
108375482
108399134
108785490
110341087
110613202
110993018
111088131
111387570
111537764
111691313
111783898
111800030
112255763
112720090
112805732
113331867
113502215
113556942
113675743
113766839
113903881
113974112
114646704
114723506
114738097
114760235
114937732
115115464
115227667
115917669
116087764
116423768
116945487
117142618
117303605
118421993
118801173
118993446
119399015
120048829
120306710
122336503
122466788
122551742
124149955
124311574
124666328
124734562
124898138
125023787
125898167
126107205
126362173
126401947
127052251
129033333
129183332
129566413
129834447
130698571
130794395
131058752
131176229
131189562
131352346
131359211
131761079
131884850
132629780
132688302
133584523
134113236
134591281
135019593
135386147
135497281
135771559
135787096
136135018
136495343
137100237
137390358
137638147
137806862
137949908
138078721
138101281
138172497
138700754
138982933
139352160
139901474
140384172
141153674
141413008
141616124
142757034
142930164
143124030
143195511
143408282
143493320
143565421
143849810
144278050
144522535
144874089
145151225
145174067
145186709
145376088
145854098
145975358
146137088
146533149
147469841
149798315
150122846
150517567
151297278
151519934
152645729
153162844
153263590
154615609
155324914
155465115
155722604
155789224
156541312
157272379
158136104
158381494
158747661
159037710
159126505
159259470
159473059
160051528
160063179
162088421
162403134
163384280
164826621
165344818
166437685
167368542
168002245
168057522
170132540
172063133
172623403
172755590
173002606
173059560
173506518
174515334
175446571
175526309
175989877
176225844
176911340
177312851
177332700
179529128
180785147
181226513
181271232
182176620
183912267
184214677
184622626
184726095
184794536
184803526
185963953
186090428
186452551
186631626
186994949
188213258
189544209
189641421
189914410
190113083
190668363
192048860
192433878
192532621
192707556
193552063
194064088
194953865
195740084
195950186
196095815
196774315
197352298
198619204
198628789
198720172
199411898
199420528
199680559
200747796
201305624
201407458
201690613
202019540
202550399
203845520
204102747
204275569
204428608
204462951
204754116
204868098
207026272
207621703
209359415
209379174
209473567
209734969
210359231
211721386
212220435
212251746
212295100
213213171
213801961
213952386
213975407
214790563
215341973
215387142
215828993
216220853
216272000
216588711
217038602
217161528
217852623
217871137
217927335
219377470
219407971
219544266
219933931
219994425
220585472
221389873
221558440
221713886
222028828
223712350
224048977
226723382
228217069
229999242
230674396
230769829
231192379
231602422
232056856
233114544
233233021
233614511
233665123
234262547
234576987
234799752
235202254
235649157
235745791
237140292
237379107
237979969
238138000
238433452
238498976
238962600
239036029
240554603
240854387
240959156
241909610
242474976
242561041
242588954
242608872
242639747
242754098
242990415
243268139
243439214
243769942
244316437
244453596
245036421
245240853
245277883
245466382
245644428
245798898
246247255
249152986
250372661
250801052
251243823
251300606
251836754
253207672
253674535
254749154
255179497
255387090
255789528
256273378
256363941
256804978
257009719
257675105
258219170
259488863
259577690
260152959
260401255
260596963
260995960
262178224
262486766
262692685
263043320
263419017
264095060
265122573
265204346
266222407
266235189
266795367
267040926
267889618
268409912
268632557
269400346
269441500
269455306
270617569
270744729
270754552
271059426
272020127
272312086
272469786
272796157
273911899
274325361
275373743
276673168
277278674
277849958
278190158
278450030
278722862
278792724
279121308
279820114
280311131
280321648
280631491
281830857
281944976
282291499
282648518
282828202
284327308
284665220
285228804
285830504
286448566
286791631
286966948
287572525
287726651
287859999
289360871
289547084
289700723
290127955
291079690
291554098
292218004
292413412
292423943
292850339
294110991
294702567
295166342
295815494
296528780
296596980
296864819
297893529
298167279
298501962
298625210
301373537
302539390
303455736
304089172
304438548
304505404
304811783
305197314
305564045
306851320
307565984
307571472
308044878
308202906
308581515
309112297
309198987
309383303
309667127
309766496
310242589
310273413
311269559
312186354
312313043
312630443
312994984
313823293
314218593
315209188
315634022
315813605
316505735
316953165
317097467
318141009
318322042
318333694
318561886
319041805
320634492
321756868
321869343
322334813
322623287
322710936
324763920
326247643
327254586
327727208
328104339
328298285
329132133
329202900
330301183
330546620
330573317
331016259
331565220
332238283
332266748
332702450
333293469
333480550
333582338
335077589
335354340
335939811
336092622
336194465
336465782
337434154
337453826
337739299
337745691
337856142
338299904
338346092
338888228
339335164
339388427
339980538
340157793
340563072
341443181
342146590
343457914
343606042
343886628
343945053
344247686
344593499
345367818
346502533
346811305
346941484
347584264
348361729
349121784
349517445
350322227
350490027
350573793
351538839
351797369
352118606
352406219
353436873
353668775
353673391
353825800
354367395
356228371
356426808
356684278
358532290
358984857
359147515
359512183
360022300
360478499
360613073
362575055
363304213
364090032
364180570
364228444
364319529
364531492
364686248
365180540
365862802
366831742
367209095
368062958
369133069
369321801
369356620
369520631
369602726
369678468
369893141
370917955
370973813
371499336
371570003
371653516
372160269
372261796
372315265
372668364
373226340
373953666
374138644
374344043
374600938
374631287
375179334
375444584
376035217
376696776
376710097
376941062
378409503
378469911
379366797
379461075
380171692
380390179
382697713
382926234
384079421
384095820
384295879
384370888
384868448
385414639
386099901
386214636
386418627
386510139
386753870
386839851
387036159
387346491
387451659
388391521
388450127
388803074
389040743
389079342
389867269
390387708
390543437
390598089
390848153
390865725
391927494
392035568
392740049
394633074
394709364
395132002
395191309
395235128
395279207
395405989
396005216
396342013
396377017
396473730
396768681
396918184
398068012
398295499
399493245
400000569
401262337
401422376
402492972
402586708
402724286
402903177
402961682
403068011
403938270
404158660
404196431
404259631
404515797
405201937
405341089
406011017
407392292
407487131
408960629
409098738
409544918
409959708
410134047
410228794
410409117
410681417
411154259
411328205
411522957
411549676
411826969
412017135
412277685
412776091
413360099
413892161
414647625
414829150
415505363
415522325
415675634
417076376
418646579
419481884
419914800
420687483
421101832
421186593
421825361
424238335
424268980
424321892
425245975
426819080
427355115
427778693
428674782
428903682
429363923
430253414
431419379
431530126
431742587
432114613
433102829
433925857
434248626
434290636
434322197
434433518
435001171
435218189
435525339
435889744
437116466
437180529
438485374
438792350
438865740
439493451
441767868
442482781
442767057
442982639
443145325
444311956
445080308
445834946
446340713
446648412
447267605
447395528
448703729
449228398
450099355
450238957
450573622
450956042
451042659
452456682
452825171
452867621
452888574
453048498
454333378
454416748
454580282
454806773
455252833
455371254
455590964
455843485
456139563
456339643
456651794
456748696
457676440
457880381
459834400
460082195
460654187
460674641
460686763
461152493
461273879
461851014
463480570
464415775
464837581
466647227
466942491
467963981
468519716
468703135
469262009
469348094
469834481
470332231
470503465
470591100
470593630
470631541
470796522
471990783
472131489
472576335
472713773
473144500
473442062
473903566
474612399
474613996
475952280
476152433
476153275
476453195
476492728
476564285
476667372
477171087
478034945
478307629
478705400
478841551
480298490
481387902
481928577
482417719
482841197
483332973
483689685
484238046
485511804
485560280
486222842
487053959
487073847
487105994
488663950
488873165
489001354
489692377
490549207
491705403
492067917
493886463
494613810
495375861
496060028
496987743
498387409
498617647
498777856
499150323
499429649
500037525
500474762
500618996
501252996
501772890
501830323
502278611
502390523
502781486
503458793
503615949
503885238
503967857
504038566
504569917
505185185
505193512
505593010
507578762
508976505
510080967
510574887
510770136
510906527
511583958
511702305
512976554
513937457
514620094
515530019
516266761
517408978
518260757
518434573
520223205
520982030
521035021
521595368
521740435
522971726
523782140
524133589
524135236
524305153
524688209
524872353
525829204
527622954
527793660
528433890
528806445
529195746
529302443
530130017
530406424
530498338
530788967
531352976
531585205
531900034
532495011
532670688
534230297
535286141
537322532
538026652
538128223
539942439
540232676
540383426
540846267
541027284
541110115
541417540
542314107
543324176
543755629
543906158
544617505
545032460
546389569
547407330
547772603
548233367
548348142
549495354
550101877
550245196
550804899
551008693
551201745
551291986
551836836
552473416
552910253
553160358
553918865
554290596
554602408
554725062
555319301
555996658
556707205
558581086
559301039
559382853
559412924
559436157
559473950
560890244
561717988
561812722
562390279
562395735
562402336
562887660
564003050
564325578
564739221
565306616
566112132
566288819
566369633
566586128
567022181
567304789
568122272
568275358
569115921
569229320
569654968
570073850
570840516
571825916
572132557
572255140
572276965
572660336
573363368
573556837
573666704
574596534
574620392
574682290
575705360
576279545
576994985
577721120
578187134
578716908
579059895
579068977
579952366
580508860
581539848
582152040
582482437
582972798
583571043
584522071
584710873
585990364
586235379
586903190
587992726
588219756
588695568
589513899
590079444
590105340
590335821
591564428
592456289
592962932
593209441
594769883
595154931
595311776
595371198
596516649
597010431
597141723
597272000
597322404
597848432
599529154
599893069
600028624
600206898
601385644
602182790
603386966
603570492
603591171
604263370
604665417
604765404
605539862
605894428
605908235
606199759
607500335
607774548
607967721
608034986
608340634
608413784
608959295
609416931
609707131
609946277
610009097
610120709
610486506
610506582
610515434
612203759
612353198
612816071
614340012
615935710
616716465
616734673
616916066
617876982
617909211
619054081
619290071
620089368
620145550
622597488
623380595
623804486
624064901
624549797
625032172
625040140
625321929
625843881
626250262
626276121
626870461
627510635
627992393
628175011
628257755
628414422
628966950
628974580
629580952
629593614
630387677
630634994
630668850
631207466
631340353
631518149
631596366
631704567
632621729
632651476
633108117
633938701
634172025
634296630
635550270
635723058
635905385
636453333
636600769
636750614
637840187
638253540
638422090
639806732
640170337
642548899
642663198
645933681
646478179
646755199
647149314
648031326
649022765
649709016
649760492
649785905
650994571
651574882
651675551
652996966
653377373
653448036
653468858
654829090
654844049
654887343
655035325
655495367
655858699
656241707
656478042
657103124
659067697
659239833
659373349
659639006
660038320
660260756
660651136
660916487
661761152
661955081
662739668
662981776
663080928
663568111
664423428
665204916
665728802
665947468
666231349
667250732
669475776
669679262
669908538
670372305
670752506
671068506
671294892
671581032
671735990
672032919
672139932
672563970
672655340
673365159
674402557
675518157
675575223
676902021
677870460
679895436
680007057
680466996
680687005
681545190
681692777
682085273
682736626
683213486
683309587
683932587
684259683
684677418
686518107
687776787
687926652
688323172
688852786
689442530
690367770
690492373
691449122
691451546
691635767
692458743
692713933
692786742
692981712
693485026
694887982
695258232
695466127
695748720
695991608
696947386
697517721
698312496
698487330
699045063
699460008
700108581
700287639
701475883
701539807
701943705
702022939
702943003
703550253
703571522
703955951
703964683
704365084
704572553
704841123
705178736
705632563
706043324
707056552
707184680
707255825
707746139
707900973
708302647
709393584
709606368
711089503
711645630
711845894
712633417
713258270
713355511
714636915
714710647
714880226
715207829
716334471
716898500
717032538
717226057
717293418
718264801
719346228
719650353
719885386
720185677
722060049
722308542
723578341
724025165
724916170
725138377
726371155
726956429
727952741
728149010
729568616
730199492
730418657
730832933
731190952
731563037
733053144
733327814
733450907
734575198
735079296
736491298
737518944
737703662
738076217
738110294
738393740
738647283
738909365
739000681
739273303
740759355
744161708
745425661
745598382
745790417
745792349
745897490
746349250
747844822
748349614
748806355
749241873
749698586
749757806
750003033
750167716
750621862
750679664
750829613
751378130
752143421
752327934
752392754
752704313
753959819
755526127
756098480
756898537
756915667
758179117
759007339
759592334
760243555
760281936
760313750
760481135
761250573
762924393
763148569
763360602
763447433
763794427
764851988
764892438
765326717
766146081
767066249
767110751
767125139
768794057
769304465
770833934
771151432
771476364
772634225
772970072
773319847
773446912
773595097
774044599
775056794
775473788
776088411
776532036
776808933
777210498
777288820
777483316
777635325
777720504
779289672
779451238
780172261
780695788
780821396
781098823
781485213
781999754
782280524
782436840
782648142
783368690
784639529
785550551
786039021
787189168
787689126
787897525
788014412
788380902
788986238
789366143
789376348
791251530
791698927
793256508
794292538
795519125
797073940
798027458
799560997
799878206
801979802
802205057
802491982
803590181
803602255
804289383
805251743
805613091
805750846
805816260
806119540
808808585
810713171
811742698
812247776
812282134
812718902
813080154
813274570
813465002
813511382
814634316
814887560
815209933
815754673
815774123
815983044
816504794
816976784
817049764
817572761
818084292
818150212
819485269
819827984
820042348
820097487
820388464
820697697
820965014
821066342
821115873
822262754
822890675
823025015
823089412
823796892
824272813
824700010
824722490
825051735
825726814
825791694
826047641
826620483
827336327
827385948
828388027
829570037
830365981
830539036
831099451
831768825
832077645
833215350
833488263
835342733
836802671
837626799
838139053
839425676
840019304
841148365
841585795
843993368
844169939
844400657
845563291
845636353
845716951
845954166
846621269
846811127
846930886
846942590
847228023
848096107
848520019
848934683
849552528
849725352
850612763
850952926
851445950
853101996
855103807
855320512
855636226
855843024
856363827
856669179
856979759
857300821
857490000
857756970
857962504
858504292
858721860
858829294
859031536
859310840
859484421
860144854
860516127
861021530
861109485
861543921
861746410
861838989
862292122
862558705
862875640
864101839
866000081
866355856
866596855
867107722
868423919
869470124
869921280
870305000
871700699
872666833
873199181
873524566
874799051
874960596
875335928
875641892
876855542
877068972
877565100
878273679
878777377
880346039
880492499
881049613
882160379
883555567
883799426
884167637
884661237
885799631
886086990
887077888
887658390
887665154
888482339
888830763
889023311
889537797
889804310
889947178
891066487
891252715
891342723
892066601
892430639
894429689
894519218
894869401
895873480
896306640
896551633
896870037
896925393
897534569
899058025
899542553
900104667
900553541
902736997
903409954
904251768
905241081
906889260
907712995
907895021
908518808
908681983
909002904
909850543
910210050
910300925
910858270
911165193
911759956
912163036
912194650
914544919
914600930
915256190
915711850
915736906
916018859
916237892
916250774
916768482
917104697
917305981
917609663
917679292
918386023
918483162
918502651
919785523
921376925
922018481
922265375
922587542
922757472
925473439
926411641
927376882
927495994
927612902
928140528
928189300
928682751
929588156
930772757
931489114
931513970
931706506
932026304
932862806
933084303
933110197
933596911
934392735
934618834
934660183
936060910
936621968
937370163
937477084
937558955
939819582
939964443
940022924
940472515
941690360
941727088
941804289
942481690
942581876
942724790
943003493
943190495
943327684
943947739
945117276
945891638
946710049
947346619
947691087
947867422
950148346
950390868
950881304
950955939
951426815
952062949
953161956
953197930
953443376
953534826
953691761
954696532
955769409
955798986
956134158
956297539
957426576
957747793
959162035
959343768
959372260
959658925
959997301
960188534
960709859
961415139
962033002
962764794
962980710
963964191
964263748
964445884
965421244
966071161
966618017
967513926
967632854
967681095
968217462
968338082
968922326
970090192
970925433
971899228
972058109
972125383
973387981
973521090
973594324
974571475
974806403
975960378
976714674
977648522
978053418
978587665
978701535
979015720
979601485
980356728
981208324
981766422
981914693
982275856
982906996
982936784
982945082
983228458
983614030
983631233
983690368
984124220
984210012
984498433
985433483
986478257
986894018
987106312
987231011
987235624
987323286
987519915
987706141
987987334
988506952
988714904
989200801
989230775
989241888
989352324
989492335
989806367
990526343
990892921
991039875
991505661
991810563
992028067
992055382
992232983
992277052
992576590
992865128
993683397
993967637
994320152
995097051
995234140
995706887
997276125
998562957
998898814
998994314
999038585
999337836

