33062
40220
100669
172621
245409
295008
372555
383032
419805
456510
479345
490107
682414
871000
881759
907370
1089438
1100545
1121937
1162493
1229904
1271361
1323524
1439048
1648609
1769972
1887329
1923439
2054525
2144529
2237012
2416949
2495425
2564350
2699846
2701149
2809090
2846977
2992734
3000745
3086469
3137020
3211014
3463633
3472374
3497683
3518947
3721894
3886059
3980519
4011520
4012459
4077773
4187516
4270296
4504234
4537736
4642738
4744263
4775113
4880533
5084672
5176239
5385391
5418816
5525173
5555898
5631942
5944460
6046380
6047395
6071125
6072641
6138722
6254466
6282815
6420005
6555366
6738678
6777125
6777163
6811972
6824859
6938620
6939507
7047983
7155895
7245829
7277217
7378125
7426169
7438469
7684930
7905771
7937732
8057661
8285608
8293554
8457666
8532428
8566973
8572202
8581226
8620975
8936987
9023591
9215689
9589844
9726312
9771475
9900574
10014811
10150109
10173939
10431673
10502696
10528946
10604139
10720737
10745797
10764797
10785634
10794583
10901063
11261157
11614769
11662880
11671338
11831636
11882475
12260289
12354718
12422292
12502954
12548159
12692331
12707329
12836610
12895151
13146790
13180653
13419716
13514934
13564810
13725218
13726645
13798878
13825605
13966848
14041792
14126950
14154863
14210884
14279082
14285513
14324504
14392739
14428725
14523315
14701101
14871043
14933990
14989683
15061773
15196827
15319199
15322500
15398163
15405690
15831264
15857464
16406904
16408437
16499950
16536753
16570124
16584176
16747294
16764524
16922351
17091749
17117507
17137166
17170620
17309884
17461929
17487483
17565625
17679567
17881519
17900305
18014057
18041598
18186358
18186733
18189838
18373832
18376938
18400960
18410471
18462069
19063328
19217281
19305995
19329928
19382894
19485054
19494010
20084148
20234751
20336956
20406649
20432100
20532420
20778181
20909913
20940087
21122004
21219654
21249238
21303708
21363101
21412660
21424758
21432192
21449807
21477009
21674783
21784812
21912843
21918746
22089159
22178046
22193368
22267402
22334982
22337363
22362380
22450290
22502801
22557051
22731924
22800096
22852617
22963858
22988865
23062189
23107478
23297005
23334271
23431017
23432104
23457753
23586319
23614417
23637094
23762697
23853384
24027583
24427010
24516898
24641629
24708625
24716929
24854106
24875909
25011789
25020172
25042772
25084100
25109644
25125849
25187190
25202362
25222833
25251990
25314788
25495688
25533459
25554010
25701533
25716116
25753319
25807764
25924464
26061770
26201114
26253510
26262331
26366796
26374844
26413173
26416758
26478004
26488339
26540959
26594057
26774509
26801055
26816104
26900253
26929416
26965196
27209802
27307272
27553146
27838558
27907669
27947119
27984273
28185480
28264029
28363610
28616614
28648726
28676782
28720897
28961856
29009428
29020468
29032073
29116548
29194185
29322037
29344385
29412418
29560978
29621931
29777560
29809451
29860596
30108594
30121288
30245415
30313563
30387226
30389002
30449291
30678241
30679743
30681019
30777364
30817357
30874969
31004039
31076077
31076486
31118762
31126087
31207394
31308902
31322512
31447374
31589325
31625998
31797565
32113190
32321825
32363193
32417183
32454154
32510512
32566124
32596200
32636498
32652302
32683953
32684367
32894977
32949964
33018190
33126381
33165457
33206202
33252481
33261900
33279397
33505236
33541468
33614082
33669086
33713861
33768127
34104407
34146244
34167715
34256914
34514500
34740865
34829832
34949299
34956713
35005211
35244944
35313736
35317824
35456600
35563816
35586989
35727023
35756851
35757022
35839366
35911917
36001642
36014007
36140795
36215463
36256709
36267705
36359196
36372440
36599722
36772582
36869528
37127828
37306508
37335344
37403472
37412975
37487770
37623446
37770478
37787758
38013405
38199319
38199531
38267737
38301418
38328932
38453694
38465875
38531336
38626924
38649718
38664370
38828826
39052927
39199093
39304487
39442652
39507092
39533257
39723618
39848341
40229189
40317565
40332871
40610537
40651434
40658094
40718861
40759385
40776180
40910276
41268864
41356631
41453865
41641751
41655229
41733544
41824130
41901145
41984908
42010569
42028215
42063073
42080532
42106956
42122590
42169370
42173528
42186306
42254228
42517543
42613465
42653408
42697699
42830296
42999170
43178123
43315081
43353969
43376243
43388777
43588474
43695777
43768504
43880685
43995593
44041351
44082050
44177751
44419480
44445090
44468303
44470216
44554163
44574246
44804919
44805128
44829904
44833335
44897763
44916354
44951680
44979982
45064825
45069410
45081858
45165483
45251304
45276451
45299067
45360857
45427197
45491800
45511941
45552368
45582865
45826607
45844788
45862310
45875316
45991403
46091840
46105473
46370347
46569816
46741222
46788789
46811558
47048267
47138864
47140186
47196295
47319700
47372231
47585923
47590078
47610720
47784154
47830643
47919986
47924304
48017638
48460751
48522001
48848896
48938329
49197811
49211756
49255288
49427405
49488897
49546350
49561859
49666467
49783667
49795366
50086034
50211136
50310085
50365223
50365403
50760512
51030530
51183242
51185046
51239531
51245830
51371707
51384862
51402293
51527998
51681801
51755766
51760182
51854353
51858969
51934046
52165898
52205660
52340773
52646493
52775474
52818916
52820758
52854602
52861120
52893135
53113030
53232475
53404949
53476175
53485487
53514403
53605270
53713271
53999932
54080843
54181467
54306629
54350259
54410544
54449299
54625727
54696435
54776255
54835608
54873513
54930039
55002427
55026196
55064662
55119204
55201132
55423542
55519019
55640066
55686583
55825325
55988922
56054364
56057602
56236614
56505530
56516645
56665155
56865451
56882679
56912989
56991491
57116473
57256109
57337242
57418418
57458000
57467587
57482840
57515087
57518732
57918263
58292890
58322285
58371774
58375451
58415548
58591440
58607026
58657199
58907361
58953642
58964125
59080636
59344234
59472633
59509848
59566101
59643461
59652950
59770330
59789835
59887569
59961393
60308425
60405665
60494695
60507888
60563645
60614149
60789305
60804329
60975266
61101360
61119836
61204105
61383844
61535680
61537967
61730690
61755148
62158823
62204404
62218704
62299853
62361873
62695057
63018202
63056055
63102296
63176307
63285287
63299708
63449294
63473287
63485056
63585478
63641238
63762111
63765871
63816220
63878539
63880569
63958031
63980824
64147571
64317458
64564349
64604173
64651899
64784082
64831585
64945486
65010947
65042992
65093662
65103348
65120356
65261921
65311705
65339680
65353127
65385371
65509192
65533764
65542485
65549195
65566092
65767522
65785292
65934396
66075704
66077375
66120160
66148151
66212151
66493503
66558994
66612981
66832056
66870288
66908520
66988628
66990816
67062760
67150654
67247035
67598095
67604223
67639169
67720910
67744487
67771000
67854538
67874133
67936271
67966707
67974802
68224547
68601912
68668551
68728258
68734876
68801443
68822516
69110270
69110699
69114447
69117832
69142334
69157620
69334002
69444267
69470380
69493093
69687307
69741529
69755936
69774565
70058320
70061690
70079322
70151970
70196444
70199088
70200474
70298129
70516996
70575321
70636429
70707654
70721063
70788355
70951576
71061648
71065054
71185160
71423537
71544405
71977971
72027157
72190528
72616468
72628238
73070847
73088030
73255162
73321787
73333297
73333996
73399195
73407063
73485445
73492800
73592327
73646711
73673339
73781763
73785404
73831160
73881423
73917092
74061048
74216439
74271246
74374581
74502734
74552805
74617659
74941497
74961686
75156181
75191653
75245562
75259134
75276617
75331834
75548480
75563677
75669741
75699972
75964647
76065818
76111793
76198656
76261902
76270887
76277107
76293255
76334055
76387350
76593093
76764902
76810012
76910258
76912470
76919591
76982346
77084746
77162161
77211388
77486715
77643493
77683174
77706541
77829877
77837209
78012497
78107280
78175617
78266818
78359216
78374295
78417603
78432299
78480869
78486221
78546482
78549373
78707238
78756298
78804478
78898506
79065186
79161257
79252911
79329225
79611790
79854224
79897638
79943989
80070491
80201211
80238761
80329499
80429018
80502308
80689481
80779600
80869451
80948400
80959576
81029448
81038894
81063046
81174232
81243750
81362124
81430932
81458260
81572601
81617841
81937463
82095572
82132043
82173109
82177503
82360401
82368144
82423444
82429296
82587660
82735328
82791925
82901094
82940701
83037545
83149517
83189141
83289868
83568295
83651148
83782853
83821533
83955432
84040881
84041882
84147070
84353895
84368447
84384795
84411376
84420925
84546560
84583195
84870791
84896152
84938416
85178604
85206797
85291638
85308422
85331055
85357096
85404090
85440562
85648095
85694223
85970562
86086317
86206725
86415338
86635281
86690306
86888837
86923279
86926591
86963638
87157360
87184889
87479885
87522686
87638368
87755422
87770711
87796504
87815277
87887786
88032276
88058261
88093640
88207128
88293996
88590930
88639634
88761804
88965375
88973871
89018456
89037138
89075076
89082539
89113328
89502400
89653714
89816339
89833850
89966067
90099484
90403228
90438014
90462563
90501895
90564922
90664778
91115381
91119157
91359264
91393701
91413388
91431327
91464932
91714937
91729405
91854097
92059772
92070592
92083088
92210306
92244623
92503157
92525963
92637289
92657521
92720083
92771206
92819519
93155710
93189435
93213314
93232173
93428923
93506748
93508921
93655353
93663325
93691606
93761564
93782069
93838762
93882409
93886271
94097161
94154073
94197274
94255812
94258726
94307398
94347227
94441264
94613281
94622929
94648401
94671941
94836299
94852791
95255472
95266356
95275444
95410091
95481274
95530607
95659815
95737916
95802345
95966189
95969100
95989935
96055805
96079422
96198530
96416216
96521213
96617457
96647893
96689772
96718393
96819439
96973703
97050466
97163767
97237199
97427412
97446870
97527093
97599619
97611886
97619100
97657371
97663793
97951318
98168837
98193842
98526873
98579958
98760957
98809452
99039916
99358641
99495096
99518845
99527851
99568484
99786528
99881530
99885196
99898397
100251816
100418235
100477583
100598388
100603786
100661313
100731660
100946794
100984705
100995797
101072999
101305737
101323875
101331249
101333222
101335410
101354279
101457716
101513929
101533292
101709878
101902255
101913295
102002902
102135590
102194872
102223437
102325578
102497640
102520059
102524643
102588474
102666501
102713256
102880123
102882606
103039626
103067764
103087854
103162496
103318776
103359445
103540592
103688051
103816215
103822254
103827878
104001379
104023856
104028380
104152274
104221117
104278851
104420171
104451352
104561852
104627321
104665169
104671445
104852634
104933720
105173402
105177358
105210525
105304130
105342203
105575579
105598922
105629391
105798202
105816539
106059479
106125336
106179915
106211926
106242869
106278415
106356264
106371392
106418446
106668624
106914653
107096180
107230151
107332566
107334942
107484169
107654819
107713080
107734713
107747442
107752538
107920488
107939561
107955771
108039334
108050440
108199257
108320526
108335066
108375482
108399134
108400044
108451979
108537283
108639282
108785490
108911563
108949115
109171275
109450254
109481764
109640550
109967654
109972926
109987193
110066444
110122439
110269240
110304183
110341087
110613202
110750073
110793789
110919287
110980456
110993018
111060014
111080261
111088131
111166929
111343390
111387570
111537764
111691313
111698569
111783898
111800030
111853295
111866225
112028656
112043682
112087195
112255763
112526508
112528260
112619604
112718116
112720090
112778398
112805732
113043914
113053882
113331867
113502215
113556942
113658790
113675743
113690868
113766839
113903653
113903881
113953046
113974112
113986157
114168275
114192435
114198673
114646704
114723506
114738097
114760235
114827124
114937732
114962507
115000093
115115464
115133608
115172467
115206657
115220510
115227667
115296009
115296600
115393921
115519640
115555233
115699927
115917669
116032310
116087764
116314197
116323015
116391568
116423768
116545772
116573191
116640778
116716255
116730436
116846854
116903580
116945487
117091251
117108129
117142618
117165683
117303605
117413002
117661055
117667944
117726230
117830110
117923969
118106685
118409217
118421993
118486034
118520168
118627894
118791958
118801173
118941728
118993446
119108354
119129706
119389304
119399015
119434455
119526048
119570878
119625673
119667502
119764672
119777667
119914800
119935666
119978516
120048829
120090212
120131589
120214107
120279370
120306710
120630960
120738486
120741187
120838155
121101940
121147484
121241302
121248617
121411749
121495633
121569538
121608488
121624772
121754885
121948088
121980228
122101760
122125315
122131125
122155988
122249809
122336503
122466788
122533302
122551742
122769458
122801455
122996178
123016228
123043725
123044746
123100731
123204721
123307607
123465261
123473348
123559445
123598167
123681627
123698023
123716509
123749111
123801655
123967051
123987799
124109608
124149955
124220263
124236872
124311574
124416065
124666328
124734562
124895997
124898138
125023787
125152410
125184120
125267731
125378384
125447706
125499895
125544207
125553286
125670350
125797354
125804838
125856468
125898167
126107205
126180200
126183327
126257224
126260595
126362173
126401947
126475082
126497922
126558185
126610639
126737257
126741667
126794893
126925575
126966692
127040702
127052251
127167744
127210541
127231941
127340947
127531881
127758874
127774931
127844550
128228875
128349144
128419117
128482280
128637675
128745227
129033333
129043633
129183332
129250011
129525515
129566413
129707775
129709433
129768394
129834447
129851426
129947779
130082424
130242671
130324323
130484028
130543363
130644815
130698571
130701314
130794395
130812280
130901632
130902164
130961353
131058752
131176229
131189562
131337281
131352346
131359211
131491977
131498256
131591804
131761079
131884850
131950070
131953877
132036857
132114218
132205946
132262458
132290775
132587760
132629780
132671376
132688302
132719348
132764442
132823298
132885249
133126168
133164871
133286977
133301088
133480685
133525033
133584523
133626771
133656396
134028943
134040403
134113236
134221263
134313871
134396293
134442362
134550627
134591281
134627803
134674884
134884025
135019593
135026650
135050197
135054024
135177290
135386147
135410116
135497281
135563969
135664967
135693054
135771559
135787096
135813159
135962564
136011351
136135018
136416008
136495343
136520918
136543151
136561149
136864840
137062258
137100237
137215215
137226130
137288709
137335935
137386989
137387633
137390358
137638147
137798942
137806862
137949908
137990260
138078721
138101281
138172497
138259617
138328364
138398210
138545657
138700754
138704485
138792406
138982933
139254568
139329709
139352160
139536873
139671172
139722835
139842053
139863078
139901474
139984211
139993259
140082830
140173533
140210352
140210619
140384172
140497762
140579593
140624109
140735740
140753203
140830430
140858988
140921664
141056561
141153674
141413008
141416429
141540322
141566047
141616124
141756931
141774465
141865958
141891434
141895730
142010736
142068427
142447450
142458380
142577956
142611409
142630905
142699356
142757034
142919358
142930164
143124030
143154913
143178726
143195511
143408282
143493320
143565421
143597914
143767338
143849810
143932915
144072703
144109352
144278050
144279172
144316428
144511610
144522535
144568612
144741933
144808010
144874089
144931902
144963628
144970279
145133984
145151225
145174067
145186709
145254786
145292789
145336947
145357080
145376088
145406847
145854098
145975358
145999278
146092376
146137088
146162141
146220943
146266066
146285188
146410762
146533149
146690120
146735658
146753918
146810336
146830235
146975669
146988668
147198697
147365029
147388315
147469841
147511485
147594215
147775927
148214896
148218652
148420696
148472296
148521726
148576388
148830593
148917313
149306577
149528725
149677717
149798315
150084506
150122846
150203107
150238230
150517567
150568116
150670286
150738382
150862639
151170311
151188314
151297278
151476660
151519934
151572322
151978198
151984537
152059765
152262092
152280548
152332313
152645729
152846768
153000820
153162844
153263590
153390744
153845032
154073370
154349542
154499430
154580226
154615609
154731157
154847471
154998214
155036189
155156584
155324914
155438144
155465115
155505365
155722604
155785752
155789224
155816098
156038879
156046341
156139885
156253188
156272083
156275812
156533904
156541312
156565744
156669207
156819949
157247397
157272379
157840563
158136104
158303604
158366445
158374771
158381494
158535326
158671754
158747661
158983086
159037710
159126505
159259470
159275456
159357860
159473059
159877624
159897004
159999213
160051528
160063179
160245820
160402720
160475789
160715005
160996816
161477504
161922596
161948866
162088421
162403134
162824071
163013917
163384280
163892983
164107681
164465626
164585770
164826621
164965537
165339609
165344818
165418241
165977497
166024100
166026160
166166264
166392597
166437685
166574449
166730292
166784600
167368542
167434826
167435392
167793078
168002245
168021018
168057522
168095160
168420696
168488323
168535013
168624029
169053079
169267667
169442043
169571909
169594465
169687919
169916240
169924812
170023078
170132540
170253681
170388403
170598296
170722958
171029949
171142496
171422429
172063133
172154289
172623403
172669440
172755590
172861636
172895038
173002606
173059560
173369081
173404700
173506518
174208154
174305058
174425672
174515334
174542394
174705690
174722033
174894610
174928311
175079540
175197930
175324309
175446571
175453149
175454918
175523541
175526309
175627016
175753124
175821956
175989877
176225844
176256958
176356569
176476224
176802398
176911340
176924347
176928911
177312851
177332700
177378250
177459948
177645073
177787814
178065080
178066103
178069004
178341976
178814282
178835412
179339467
179448499
179478661
179486052
179529128
179909486
179946307
180082199
180315855
180682444
180728634
180785147
180785758
180877362
180889079
181010038
181187346
181226513
181271232
181292956
181401064
181738995
181919426
182002039
182176620
182414644
182595892
182825333
183451467
183714683
183874026
183912267
184154091
184214677
184320788
184366026
184538386
184622626
184696224
184726095
184794536
184803526
184812754
184868399
185037200
185178690
185402260
185963953
186015033
186090428
186125413
186212148
186241694
186297783
186391879
186452551
186631626
186737643
186896499
186994949
187070491
187161534
187177203
187337023
187386865
187427397
187556669
187797756
188043983
188203608
188213258
188510062
188569839
188624491
188800835
188830878
189059476
189153143
189223059
189256387
189258051
189409560
189544209
189577091
189641421
189750561
189852888
189884784
189914410
190113083
190133822
190194625
190497565
190503441
190668363
190833023
191021091
191146961
191201435
191471704
191520958
191566617
191614946
191669792
192048860
192098739
192276234
192376263
192433878
192499433
192532621
192707556
192713458
192967873
193047189
193047510
193088109
193353426
193462879
193552063
193836679
194064088
194484950
194548894
194559277
194910886
194953865
195620421
195740084
195786338
195945229
195950186
195958573
195986667
196003615
196095815
196153579
196285753
196461191
196556829
196748250
196774315
197106413
197182313
197277486
197334728
197352298
197405350
197477949
197552065
197629923
197699240
197882164
198335280
198619204
198628789
198720172
198805545
198900994
198911786
198948480
198979245
199075743
199311796
199411898
199420528
199568276
199680559
199709539
199733273
199828923
200011735
200346276
200501653
200593589
200600487
200706944
200747796
200855746
200977805
200996683
201145489
201162069
201305624
201345764
201389838
201407458
201412843
201464525
201505177
201690613
201885508
202019540
202029501
202304040
202376250
202435690
202444704
202550399
202640845
202727356
202969762
203013321
203030386
203465657
203554811
203684112
203706802
203812974
203845520
204102747
204275569
204376426
204393169
204428608
204439060
204453361
204462951
204463495
204622652
204742850
204754116
204868098
204997685
205142902
205351585
205356554
205523763
205995668
206003094
206034303
206266994
206496585
206674446
206681884
206758863
207026272
207222095
207450789
207456911
207590180
207621703
207697603
207774949
207805037
208229337
208591742
208734689
208744777
209026776
209122023
209331367
209359415
209379174
209419369
209425786
209427991
209473567
209597698
209658435
209734969
209854446
210018448
210158967
210215450
210359231
210488116
210576770
210750266
210911548
210930142
210997811
211022298
211118475
211270210
211422206
211608254
211721386
211919533
212003296
212052176
212081925
212220435
212251746
212295100
212368523
212409675
212528560
212534319
212821123
212849265
212923201
212993805
213078002
213111612
213132347
213153954
213213171
213223780
213280396
213302451
213576803
213594814
213735047
213789923
213801961
213817574
213877140
213952386
213975407
214419677
214472154
214790563
214878516
214969796
215149023
215183540
215341973
215387142
215487236
215828993
215992974
216220853
216272000
216588711
216707246
216803069
217010946
217038602
217161528
217196008
217415497
217469380
217476218
217704412
217747481
217852623
217871137
217910498
217916894
217927335
217966036
217985588
218200987
218248263
218272784
218371435
218398759
218458780
218474917
218574358
218599172
218640587
218743872
218808741
218884636
218925238
218942709
219015469
219117174
219147069
219377470
219407971
219538049
219544266
219600867
219678963
219700272
219848145
219933931
219976257
219994425
220071006
220282619
220510539
220585472
221098605
221197734
221216242
221293325
221389873
221558440
221672001
221713886
221796467
221974018
222028828
222343444
222549294
222590256
222827834
222930771
223207428
223650303
223712350
223917358
224005009
224048977
224090859
224170893
224617059
224862830
224950082
225040072
225557130
225627540
225708428
226064959
226198032
226351142
226723382
226818961
226918245
227068632
227142227
227144491
227369130
227452352
227477752
227586442
227714141
227734017
227808416
227833555
228015056
228217069
228392612
228473152
228691975
228698447
229150462
229548226
229669664
229713172
229939013
229999242
230261749
230476845
230674396
230769829
230886687
230891466
231067850
231097529
231192379
231366256
231602422
231606753
231974323
232036437
232056856
232103654
232334604
232787891
232970514
233114544
233214779
233233021
233287504
233530952
233614511
233665123
233694996
233706126
233706647
233934451
233983202
234262547
234295466
234313225
234576987
234578912
234609000
234644696
234686974
234799752
234815955
235104522
235202254
235238502
235601070
235649157
235745791
235851172
236126447
236300691
236419163
236616554
236682857
237053542
237123558
237140292
237379107
237381409
237979969
238138000
238241306
238433452
238498976
238504350
238625567
238962600
239036029
239079908
239238470
239306466
239485307
239547247
239882893
240066343
240092024
240094112
240165198
240263333
240554603
240826693
240854387
240959156
241027172
241258962
241315329
241361591
241604296
241769484
241909610
242255018
242474976
242561041
242588954
242608872
242639747
242660715
242754098
242907571
242990415
243018184
243079373
243110911
243128425
243198812
243253491
243268139
243302457
243439214
243444543
243678075
243769942
243770387
243804735
244101113
244316437
244453596
244624221
244683190
244835312
244849762
244857159
244930122
244979846
245036421
245093316
245240853
245277883
245382704
245466382
245469366
245491186
245553303
245644428
245798898
246088582
246101662
246237639
246247255
246322141
246331354
246447757
246500154
247011964
247291216
247412082
247557260
247655423
247849492
247906197
248010417
248107964
248185889
248413811
248574635
248579860
248654437
248817201
248860260
248988174
249121989
249152986
249349542
249400702
249524594
249748707
250016323
250105196
250198952
250372661
250399616
250701746
250801052
250822806
251243823
251300606
251344019
251836754
251870269
251965469
252025496
252200279
252502349
252673288
252692819
252818718
253043592
253207672
253237140
253356656
253655458
253674535
253869986
254199972
254280206
254390769
254413882
254749154
254980437
255035368
255056757
255059234
255168164
255179497
255237575
255251593
255251761
255349946
255387090
255439570
255789528
255866545
255961878
256031502
256273378
256363941
256437032
256524081
256748305
256772878
256804978
256825559
257009719
257164626
257520965
257620370
257675105
258095765
258106321
258129326
258219170
258380098
258493785
258501626
258718810
258944095
259042831
259076780
259135240
259322902
259345178
259480129
259488863
259577690
259987437
260152959
260301462
260391565
260401255
260530018
260596963
260626448
260995960
261084216
261227241
261360755
262021414
262067183
262104061
262129793
262178224
262299226
262458924
262486766
262692685
262892045
263031224
263043320
263163351
263419017
263580957
263707074
263810615
264095060
264156066
264249758
264299455
264299868
264448664
264537114
265122573
265204346
265426865
265596083
265632904
265725379
265744613
265784918
265939255
265989390
266218466
266222407
266235189
266510489
266531426
266795367
266885246
266911191
266956354
267040926
267733606
267774969
267889618
267939884
268126901
268308970
268323726
268374276
268409912
268601315
268632557
268680389
268794521
269026234
269365760
269374550
269400346
269441500
269455306
269569792
269734918
269833163
270186431
270551295
270606442
270617569
270683403
270744729
270754552
271059426
271265405
271485079
271826264
272020127
272312086
272327630
272469786
272474285
272796157
273014148
273207249
273707662
273911899
273972404
273986264
274000323
274238783
274324065
274325361
274345269
274396429
274704518
274716492
274835666
275318627
275373743
275813070
276192190
276217690
276234646
276673168
276793640
276977467
277075122
277148711
277150859
277264389
277278674
277324810
277344685
277392187
277511625
277769586
277849958
277930067
277944539
277970780
278058814
278190158
278275643
278450030
278513768
278547491
278608944
278722862
278792724
279121308
279176737
279204680
279326657
279527351
279820114
279991182
280311131
280321648
280631491
280707300
280871166
280931765
280974502
280981337
280982766
281214314
281276174
281474981
281644146
281830857
281844238
281845289
281944976
281957436
282291499
282648518
282723354
282770444
282828202
283154861
283467324
283751559
284112466
284122032
284218236
284263301
284327308
284589771
284614710
284665220
284703785
285228804
285268496
285353347
285682472
285716599
285825311
285830504
285839403
285859963
285890698
285942916
286236129
286289270
286316151
286420894
286448566
286598370
286713846
286791631
286966948
286983804
287029573
287057570
287087586
287256880
287483036
287572525
287581221
287726651
287859999
287910310
288367555
288448430
288772212
289360871
289404619
289511154
289530568
289547084
289700723
289924554
290127955
290883088
290947366
290957677
291079690
291123519
291169347
291248359
291319291
291425259
291449381
291501092
291554098
291789062
291924967
292072293
292198918
292218004
292287125
292413412
292423943
292594697
292850339
292908529
293259316
293460090
294060809
294110991
294124046
294151249
294458676
294702567
294741448
294833428
294987084
295166342
295815494
296082014
296278068
296528780
296596980
296638053
296793946
296864819
297046355
297510827
297512858
297554631
297598514
297785900
297820659
297893529
298125972
298167279
298191412
298200077
298374069
298484488
298501962
298625210
298662559
298868189
298965069
298975429
299266406
299296835
299302580
299335936
299547287
299561763
299707540
299872531
300004310
300248473
300413891
300506645
300595513
300607328
300694242
300719389
300756256
300819353
300964936
301004340
301053842
301373537
301397243
301795088
302116632
302239828
302256187
302427736
302539390
302606300
302613134
302799678
302905192
302935500
302941604
303238858
303351160
303414865
303455736
303785506
303804315
304089172
304133130
304344235
304352949
304438548
304505404
304719330
304811783
305197314
305216454
305369615
305385907
305425913
305564045
305589888
305636989
306026445
306096271
306266858
306370245
306459373
306766083
306851320
306954032
306980108
307147498
307164213
307294213
307347180
307391107
307510076
307563729
307565984
307571472
307952487
307964193
308044878
308068339
308202906
308218417
308255233
308330959
308424538
308428239
308581515
308717278
308846135
308977413
309112297
309198987
309381560
309383303
309398337
309418564
309572886
309667127
309766496
310057911
310062900
310076445
310094165
310111427
310123202
310242589
310273413
310409559
310440579
310586254
310936585
311269559
311488114
311524657
311647339
311686155
311721459
311760060
311859226
311931809
312033081
312186354
312197203
312313043
312387211
312630443
312712376
312877728
312994984
313515824
313823293
314218593
314358698
314586528
314595508
314760620
314909341
315147408
315209188
315634022
315813605
315901593
316321813
316443745
316505735
316554595
316819339
316840588
316953165
317097467
317263794
317355230
317397309
317875109
317992893
318141009
318322042
318324966
318333694
318561886
318653156
318691472
318792502
318984471
319041805
319257917
319308630
319354671
319572965
319619072
319875815
320062251
320232381
320235362
320255076
320274971
320399826
320401392
320634492
320830701
320835136
321185876
321244823
321268023
321711703
321756868
321851486
321869343
322044317
322166549
322232273
322320049
322334813
322354719
322467930
322510069
322569755
322623287
322633623
322710936
322814652
322850063
323199267
323270867
323440074
323642235
323944298
324323221
324591026
324763920
324901554
325043453
325366596
325599258
325659789
325827441
326127303
326206371
326247643
326254146
326326173
326551394
326611449
326720485
326743049
326819290
326879183
327254586
327305250
327413260
327529462
327552473
327570504
327727208
328104339
328298285
328342428
328386656
328674418
328875978
328887693
328958449
329052918
329132133
329202900
329370448
329416116
329717648
329953612
330301183
330505954
330546620
330573317
330588736
330625380
330961679
331016259
331365439
331557302
331565220
331601568
331666021
331727002
332205740
332238283
332266748
332682669
332702450
333016204
333114587
333267971
333293469
333303590
333359469
333404311
333480550
333582338
333655576
333726965
334335742
334600469
334604016
334870019
335077589
335132244
335173294
335322394
335354340
335423094
335486058
335531187
335558628
335573273
335586903
335612604
335635625
335714087
335757408
335855938
335939811
336092622
336135205
336189196
336194465
336351825
336428585
336465782
336573917
336728279
336888358
337245745
337434154
337453826
337554739
337739299
337745691
337814111
337856142
337870496
337904018
338136476
338192594
338299904
338346092
338462266
338620985
338872657
338888228
339173201
339193736
339326423
339335164
339388427
339624583
339740287
339762386
339838425
339980538
340051498
340157793
340179218
340179474
340183017
340321698
340390979
340394319
340563072
340573924
340606628
340756446
341088980
341300260
341395489
341443181
341678174
341737184
342096177
342103537
342146590
342850532
343193908
343300599
343352742
343457914
343577948
343606042
343660104
343886628
343920561
343945053
344130872
344247686
344323580
344446575
344449400
344495274
344541320
344593499
344625765
344993274
345211322
345234555
345367818
345554529
345705290
345786667
345816050
346030096
346212866
346293807
346502533
346780946
346804712
346811305
346890982
346941484
347001914
347008216
347118159
347310636
347395971
347584264
347788837
347795651
347838179
348132501
348325554
348361729
348601478
348681806
348691735
348809889
349028806
349029729
349121784
349281413
349517445
349672635
349806051
349851601
349871009
350024145
350091751
350162945
350165730
350322227
350422715
350438492
350490027
350534604
350573793
351049773
351205738
351426360
351450250
351538839
351562992
351748718
351777724
351797369
352118606
352196158
352361717
352406219
352615253
352964522
352974391
353013617
353056618
353436873
353511414
353592203
353650762
353668775
353673391
353825800
353828929
353968635
354092234
354321179
354367395
354496593
354575023
355024136
355082466
355126162
355128526
355591844
355721112
355970409
356052097
356228371
356314592
356341138
356359602
356426808
356579531
356684278
356719802
357037062
357195540
357242587
357376042
357595074
357669532
357801442
357984240
358104524
358131385
358279876
358532290
358625421
358854042
358984857
359013537
359147515
359202788
359226398
359512183
359772234
359810512
359978009
360022300
360478499
360613073
360933007
361261451
361478979
361520407
361761673
362187727
362243428
362398934
362407396
362444350
362447374
362557630
362575055
362625916
362638020
362795150
363056687
363159161
363304213
363316653
363333205
363529715
363722895
363840163
364090032
364180570
364196342
364228444
364234956
364319529
364438702
364531492
364666764
364686248
364704939
365173136
365180540
365468160
365547042
365723562
365862802
366405247
366420782
366464105
366831742
366913064
367085193
367122594
367209095
367410241
367430644
367480709
367651184
367743294
367858053
368046387
368062958
368163787
368186746
368255610
368293026
368368071
368435786
368676368
369133069
369221236
369321801
369356620
369429249
369520631
369602726
369618236
369678468
369705107
369772020
369850084
369893141
370731735
370751884
370917955
370973813
371195941
371415530
371499336
371570003
371591002
371653516
371704852
371780651
371888680
371935247
371959864
372004513
372156975
372160269
372261796
372315265
372668364
372758343
372758355
372824807
372914363
373026856
373226340
373347640
373364788
373366559
373565109
373768766
373802181
373947051
373953666
374138644
374330757
374344043
374369755
374437574
374600938
374631287
374632731
374705486
374967600
375179334
375189497
375283539
375303482
375444584
375487534
375518078
375552878
375869818
376035217
376108019
376291125
376358898
376539012
376544687
376696776
376710097
376875057
376941062
376990546
377021485
377108003
377160374
377312684
377436351
377534697
377819101
377882328
377970868
378110185
378145669
378333872
378342196
378344903
378409503
378469911
378770797
378811577
379160558
379366797
379377500
379413094
379461075
379803375
379910959
380046549
380171692
380390179
380501218
380509317
380591486
380822376
381092396
381477694
381543847
381639126
381672606
381690930
381831590
382062923
382402303
382407918
382697713
382839441
382926131
382926234
383174967
383371971
383491953
383722460
383794960
383866429
383918121
383960411
384079421
384095820
384098734
384295879
384370888
384597513
384696634
384724137
384810947
384868448
385006734
385090717
385158732
385414639
385464893
385923598
385952847
386099901
386122429
386214636
386353914
386418627
386510139
386615055
386753870
386811320
386839851
386847845
387036159
387346491
387451659
387516123
387717293
387908846
388103241
388146290
388165915
388391521
388450127
388568830
388803074
388813760
388907441
389040743
389079342
389474193
389492803
389548121
389665131
389867269
390226917
390342789
390352042
390387708
390538160
390543437
390598089
390639191
390848153
390865725
390868264
390871053
391033786
391091185
391607779
391927494
392035568
392042210
392052732
392438180
392537953
392574011
392665789
392740049
392782692
392850244
392888244
393129559
393352512
393557142
393654840
393790666
393885808
394062426
394100857
394191742
394230302
394633074
394709364
395011053
395042484
395132002
395170269
395191309
395235128
395256132
395264453
395279207
395405989
395595520
395668112
395738724
395919159
396005216
396028861
396342013
396377017
396473730
396554328
396768681
396893507
396918184
396926156
397208466
397401777
397461481
397489210
397641365
397849319
397977904
398068012
398206829
398231726
398295499
398549887
399403847
399459168
399493245
399540075
399689571
399874863
400000569
400267990
400408990
400505638
400660703
400889327
401016538
401262337
401422376
401473495
401538754
401542104
401808472
401943880
401967870
402182467
402263674
402492972
402505904
402586708
402724286
402903177
402907526
402923307
402961682
403068011
403262999
403327046
403384829
403938270
403997111
404158660
404196431
404259631
404515797
404726037
404729913
404765852
405097218
405201937
405341089
406011017
406067367
406158436
406185994
406385755
406605987
406736335
406967877
407089491
407172980
407392292
407405279
407487131
407841593
408347194
408409645
408492692
408563574
408564037
408671759
408691647
408960629
409098738
409189291
409544918
409575676
409822860
409907854
409959708
410134047
410151948
410228794
410409117
410553902
410638566
410681417
411061087
411154259
411266131
411328205
411463558
411522957
411549676
411681975
411763102
411782340
411826969
412017135
412040584
412056591
412164681
412277685
412406912
412609598
412776091
413360099
413511965
413575986
413735552
413892161
414359509
414376621
414460396
414647625
414829150
414930983
415046017
415431554
415442496
415505363
415522325
415592277
415675634
415922256
416023182
416162964
416324366
416732620
416767876
416820974
416966149
417023023
417076376
417126763
417383757
417551820
417672071
417816168
417988751
418408182
418468232
418646579
418773198
418775270
418878187
419050808
419237027
419413069
419481884
419708675
419786226
419796394
419887198
419914800
420169790
420376850
420544861
420599300
420687483
420982066
421101832
421136977
421186593
421449833
421825361
422146546
422291743
422321869
422392059
422449966
422824259
422839582
423260674
423318485
423399815
423401433
423524763
423873964
423887803
423977622
424238335
424268980
424321892
424415507
424627019
424745702
424771149
424870254
425007144
425245975
425380177
425530777
425719076
426274789
426451503
426608253
426647847
426819080
426869906
427027495
427107603
427204319
427231456
427355115
427778693
428417140
428491755
428528370
428674782
428800553
428903682
428922186
429138282
429363923
429377313
429612496
429696174
429801028
429841549
429857344
430024020
430123840
430235839
430253414
430304607
430310992
431016449
431071774
431109849
431212037
431315644
431399260
431419379
431530126
431742587
431787582
431973591
432114613
432500721
433102829
433142383
433159495
433540655
433572996
433573769
433815305
433925857
434248626
434290636
434304389
434322197
434433518
434457257
434476172
434492631
434614255
434655159
434895504
435001171
435151213
435218189
435478226
435482362
435525339
435889744
435918124
436359554
436643820
436675867
436796072
436877981
437046647
437116466
437180529
437204445
437479771
437549016
437765757
437951605
438296358
438417072
438456375
438485374
438507752
438537945
438573268
438638589
438792350
438865740
439140172
439148632
439200885
439461918
439493451
439502484
439636273
439847918
439972672
440106892
440458800
440727863
440934303
441145323
441180183
441190821
441252327
441734570
441767868
441971924
442271058
442357055
442366146
442482781
442684294
442767057
442982639
443145325
443155027
443286196
443478145
443482892
443491243
443574801
443778146
443862327
443908254
443911745
444021743
444030774
444289072
444298960
444311956
444336255
444516633
444788924
444843023
444995154
445080308
445183171
445546413
445810436
445834946
445913373
445968158
446041991
446058856
446340713
446648412
446703183
447053428
447267605
447272592
447315861
447351500
447395528
447528627
447680589
448636640
448703729
448790527
449089325
449189833
449228398
449277843
449378491
449420721
449508341
449549730
449645484
450024451
450099355
450166951
450238957
450395738
450573622
450874686
450956042
450967523
451042659
451163042
451326984
451405344
451516499
451729086
452362972
452456682
452573032
452703447
452825171
452867621
452888574
452946245
452947988
453048498
453298941
453630604
453808027
453811050
454235975
454306681
454333378
454416748
454580282
454806773
455071892
455252833
455371254
455590964
455660613
455843485
456139563
456211597
456339643
456549611
456575805
456651794
456748696
456764098
456849177
456959710
457003637
457384564
457486666
457615859
457676440
457848347
457880381
458728060
458757446
459043102
459134722
459263904
459521838
459522215
459541652
459834400
459860081
460082195
460097567
460362196
460431190
460467935
460552958
460654187
460674641
460686763
461012585
461152493
461255808
461273879
461608414
461622789
461669460
461722172
461780768
461851014
462166488
462520797
463004308
463079269
463480570
463778847
463780922
463807234
464150254
464315995
464355903
464367994
464415775
464661174
464837581
464860959
465550001
465724345
465864481
466056788
466085739
466177207
466497994
466647227
466663220
466686896
466715638
466747319
466805858
466942491
467057115
467704485
467847177
467963981
468358023
468431721
468459473
468519716
468703135
468759325
468854062
468969447
468988790
469231791
469262009
469269022
469283917
469338524
469348094
469543483
469669516
469703419
469778175
469834481
470332231
470490118
470503465
470558289
470591100
470593630
470631541
470683085
470757662
470796522
470949153
470976763
471079933
471398403
471402489
471595956
471690579
471846018
471894604
471990783
472037472
472131489
472184324
472214055
472469492
472493080
472548211
472555299
472562275
472566995
472576335
472713773
472766461
472814816
472933199
473065666
473144500
473431429
473442062
473891334
473903566
474061759
474424342
474592478
474612399
474613996
474625012
474630775
474868796
474960250
475122431
475160574
475295657
475555382
475645296
475690294
475697057
475745488
475777610
475853939
475952280
476131424
476152433
476153275
476176279
476220377
476453195
476492728
476564285
476667372
476846184
476967137
477127367
477171087
477223956
478034945
478104712
478307629
478326644
478375525
478488777
478633400
478705400
478841551
478894818
479615166
479666902
479834853
480032908
480198455
480298490
480317428
480708313
480733465
480832247
480886206
481163338
481265238
481326312
481387902
481395727
481564119
481651341
481762508
481907231
481928577
481969091
482417719
482841197
482871181
482999518
483206766
483332973
483469168
483689685
483732493
483989693
484036461
484238046
484308628
484521438
484700224
484763967
484784786
484850682
485039129
485463645
485511804
485560280
486006071
486222842
486235104
486363501
486577616
486759810
487053959
487073847
487105994
487191794
487223193
487351186
487602186
487609464
487684761
488059543
488220734
488243700
488515260
488663950
488873165
489001354
489005601
489095609
489319456
489435518
489467046
489509185
489523515
489605197
489622445
489692377
490288515
490448215
490549207
490865220
491009120
491567528
491705403
491944264
492067917
492182039
492279944
492352861
492469147
492586311
493166697
493173797
493609498
493649292
493687112
493707480
493717246
493886463
494041167
494106348
494218785
494220239
494613810
494711873
494843956
494961077
494962575
495089358
495169080
495284832
495375861
495401666
495592431
495749339
495842816
495938149
496013372
496060028
496070927
496216347
496387191
496424175
496424773
496505333
496612959
496619041
496987743
497764814
497799367
497905611
498003476
498119944
498387409
498617647
498664542
498777856
498858054
498889885
498900178
499150323
499296774
499298506
499429649
499676837
499684410
499692876
499893403
500037525
500173960
500257692
500467702
500474762
500618996
500758826
500786664
501052464
501088883
501252996
501343915
501560353
501659818
501772890
501797827
501830323
502023415
502070392
502178849
502182394
502278611
502386251
502390523
502676149
502750887
502774186
502781486
502859928
503075218
503132781
503458793
503615949
503885238
503967857
503984129
504038566
504049676
504253031
504569917
504760186
505185185
505193512
505492905
505538316
505593010
505631809
505774618
505804741
506059129
506060707
506675260
506959639
507133596
507435043
507520460
507578762
507611410
507629701
507857366
507906577
507946550
508472944
508622342
508909576
508918064
508975978
508976505
509633776
509643566
509676012
509887186
509940042
509983296
510080967
510574887
510770136
510906527
511114180
511117184
511119080
511122980
511354103
511574682
511583958
511650846
511658082
511702305
511743016
512002503
512056675
512084315
512380259
512596234
512976554
513453188
513912055
513937457
514346896
514620094
514722040
514748566
514820752
515119502
515132946
515345020
515450385
515530019
515607396
515632228
515814780
515940404
516260054
516266761
516443731
516677340
516816850
516863160
516935695
517244564
517261129
517358825
517363546
517408978
517409934
517735046
518015057
518260757
518390646
518401695
518434573
518749253
518807784
518962500
519102393
519235462
519497247
520223205
520250610
520357840
520371388
520716454
520982030
521035021
521322667
521366821
521422891
521595368
521740435
521780300
521802050
521869957
522066537
522140470
522170159
522359337
522570569
522665740
522971726
523437329
523465512
523782140
523783727
524000681
524133589
524135236
524183202
524305153
524581324
524688209
524872353
524897797
525031790
525829204
526055435
526056448
526083781
526226967
526446286
526901068
526909202
527050707
527271028
527281209
527337001
527386450
527472223
527532074
527622954
527742793
527793660
528206668
528215004
528271690
528433890
528501240
528743829
528746868
528806445
529195746
529235706
529302443
529531400
529695171
529998305
530130017
530342482
530406424
530498338
530548506
530788967
531352976
531577770
531585205
531606221
531900034
532041598
532072699
532390852
532495011
532530123
532546523
532646386
532670688
532844230
532966009
533193837
533424260
533484833
533499281
533552041
533586405
533593589
533691109
533803669
533865840
534043067
534186872
534230297
534512650
534536452
534706181
534947983
535187618
535286141
535297508
535321496
535547597
535589735
535855657
536058531
536129205
536359305
536359574
536503812
536864326
536983346
537322532
537387453
537467276
537519422
537794114
537864921
537999117
538026652
538044131
538118450
538128223
538210980
538346168
538532091
538545323
538613081
538776050
539114462
539514500
539766780
539847451
539942439
539963760
540068107
540111021
540194778
540232676
540326456
540380270
540383426
540478823
540806073
540836825
540846267
540850627
541027284
541082060
541110115
541279136
541417540
541639838
541781887
541787377
541909246
542090057
542106687
542314107
542466194
542537541
542955260
543066317
543173172
543246894
543260053
543324176
543326572
543672876
543678155
543755629
543785591
543796939
543797710
543891187
543906158
543915709
544048623
544521668
544617505
544899551
545032460
545042417
545320585
545343058
545589791
546280603
546389569
546500941
546559784
546625677
546677694
546725842
547147567
547407330
547449638
547772603
547795445
548048628
548233367
548286284
548348142
548509401
548623656
549068818
549387536
549495354
549865319
549933150
550046828
550087688
550101877
550245196
550287458
550314835
550321408
550396914
550692118
550804899
550892613
551008693
551201745
551291986
551423304
551672441
551836836
552473416
552604753
552620548
552812661
552910253
553113606
553160358
553574882
553596803
553746101
553918865
554207993
554252777
554290596
554430207
554472058
554567089
554602408
554725062
554841746
554938157
555099393
555199861
555214197
555218377
555227118
555319301
555414049
555501255
555917759
555977554
555985191
555996658
556202568
556462918
556621710
556658347
556707205
556939443
557189375
557686227
557867750
557878660
557995688
558138863
558188317
558189012
558349476
558410655
558581086
559301039
559382853
559395389
559412924
559436157
559473950
560063084
560130791
560268824
560307071
560318023
560413640
560425329
560711564
560838779
560890244
560917383
560923492
560980286
561006484
561397607
561425683
561442570
561669937
561717988
561736858
561783348
561812722
561900975
562200406
562390279
562395735
562402336
562478999
562824495
562887660
563074602
563108957
563436826
563582023
563714798
563731245
563918751
564003050
564325578
564633137
564739221
564773630
564826722
565306616
565511559
566112132
566251819
566288819
566369633
566417809
566586128
566626064
567022181
567254732
567304789
568008764
568048529
568062975
568122272
568275358
568388370
568534702
568637651
569115921
569229320
569654968
569790459
569822750
570073850
570240349
570335672
570840516
570904491
571300213
571333576
571647241
571667694
571825916
571851391
571865573
571876647
572132557
572255140
572276965
572308338
572518150
572561811
572660336
572747271
572807882
573120688
573132048
573177440
573363368
573401868
573472692
573556837
573666704
573715235
573800760
573912269
574027320
574486766
574596534
574620392
574682290
574690958
574699656
574719259
574788777
574831224
574907165
575095731
575288019
575471147
575575027
575655191
575705360
575938993
576146542
576184454
576195195
576223060
576279545
576320870
576556433
576724902
576994985
577345703
577418325
577431238
577437215
577718055
577721120
577988308
578037126
578173865
578187134
578467455
578556917
578716908
578744047
579028313
579059895
579068977
579166829
579524471
579789124
579952366
580048074
580149776
580268399
580342508
580508860
580565737
580744477
580838809
580895291
580932069
581045979
581101110
581296002
581339349
581367423
581539848
581544070
581908968
582152040
582187500
582268569
582482437
582488688
582513990
582856128
582972798
582977971
583274723
583571043
583793107
583887958
583957539
583988229
584008430
584224505
584251327
584327263
584401425
584503595
584522071
584605206
584710873
584892936
585177161
585429566
585584545
585695316
585733938
585990364
586235379
586437997
586586766
586636027
586903190
587501685
587632498
587833102
587992726
588192086
588219756
588256391
588279465
588673369
588677538
588695568
588965557
589130772
589147732
589185712
589221326
589306240
589513899
589842195
589988539
590079444
590105340
590236503
590335821
590713053
590721820
590735306
590971475
591313492
591481434
591564428
591644042
591776790
591798340
592095745
592456289
592483778
592561018
592603198
592784195
592879630
592906829
592962932
592991384
593114526
593209441
593326046
593333506
593441089
593443203
593490959
593642157
593694067
593740418
594248677
594383727
594643385
594769883
595154931
595311776
595371198
595379851
595381604
595747036
595866557
595930242
596170911
596488875
596516649
596686029
596727699
596769257
597010431
597141723
597229291
597272000
597322404
597353187
597848432
597957687
598048401
598162325
598171894
598527249
598564401
598604876
598626724
598649746
598845591
599014523
599063141
599184492
599203049
599287719
599296449
599300131
599529154
599534911
599695231
599893069
599901625
600028624
600206898
600229307
600243658
600434358
600502206
600766768
600819363
601110799
601385644
601396580
601509202
601655576
601698078
601750186
601854194
601971323
602176897
602182790
602262766
602297893
602334527
602536681
602569078
602709520
602712476
602873849
603057229
603123090
603386966
603444944
603570492
603591171
604110508
604263370
604303818
604507192
604569051
604665417
604765404
604832038
604917216
604947645
604969710
605257325
605419535
605539862
605624150
605667344
605894428
605908235
605934762
606193485
606199759
606224472
606486530
606600117
606733503
606765135
606872162
607165449
607382700
607500335
607546728
607618164
607627840
607774548
607873478
607967721
608034986
608112644
608113244
608340634
608413784
608427746
608580149
608766712
608833428
608959295
609372147
609416931
609446676
609707131
609842943
609946277
610009097
610120709
610486506
610506582
610515434
610548850
610564030
610645107
610670806
610695631
611111544
611249680
611336688
611386343
611416945
611761996
612071710
612203759
612270347
612353198
612490591
612548901
612595853
612766056
612816071
613129860
613197917
613298036
613393829
613418791
613666650
613703163
613751173
613932652
613947041
613950304
614064335
614129524
614340012
614344774
614371690
614579988
614646552
614650272
614718295
614868146
614980131
615006816
615073828
615080262
615167308
615408917
615419962
615755630
615935710
615952861
616131635
616250886
616716465
616734673
616757669
616916066
616953959
616992200
617305843
617409831
617577122
617869388
617876982
617909211
617983534
618240642
618250231
618411204
618749117
619054081
619071116
619175679
619290071
619480878
619772932
620089368
620111994
620145550
620529490
620555504
620799050
620806760
620866408
621045389
621415411
621421514
621582735
621586455
621734132
622197219
622411614
622597488
622782493
622838287
622858860
622993624
623353867
623380595
623678685
623707630
623804486
623872734
624064901
624178779
624443280
624486946
624549797
625017223
625032172
625040140
625288549
625315128
625321929
625728906
625828236
625843881
625938445
626136052
626138954
626250262
626276121
626717774
626870461
627051477
627153538
627200707
627395546
627423304
627510635
627617405
627992393
628175011
628257755
628414422
628561867
628573790
628846894
628966950
628974580
629190168
629245774
629248671
629436982
629490177
629580952
629593614
629668681
629779269
629872743
630387677
630466327
630634994
630668850
630692812
631035109
631207466
631340353
631418417
631481940
631518149
631544495
631562244
631596366
631704567
631794669
631948891
632012713
632163438
632381616
632390884
632467106
632565483
632621729
632651476
632730758
632760005
632968966
632984672
633027489
633108117
633194850
633238319
633295539
633621233
633799130
633872633
633938701
633998215
634172025
634296630
634628762
635051986
635550270
635654526
635723058
635725327
635905385
636289888
636453333
636600769
636750614
636948247
637172784
637336066
637438146
637760029
637840187
637945550
638095020
638202324
638253540
638341203
638401657
638422090
638462029
638610391
638823523
639138264
639286229
639339602
639624893
639672320
639761745
639806732
639854683
640170337
640272695
640481776
640687167
640711981
641321335
641440610
641450052
641511058
641888835
642112110
642527007
642548899
642661448
642663198
642913884
642916029
642949730
642966376
643159138
643465974
643520498
643762327
644056791
644210801
644444898
644577054
644730116
644817046
644834684
645202512
645255251
645722402
645753768
645803002
645911225
645933681
645954403
646019278
646252101
646297099
646346768
646400734
646478179
646755199
646806931
646824656
646927301
647149314
647190800
647248836
647381003
647438953
647722663
647910977
648031326
648208618
648230642
648440876
648533177
648732992
648839760
649022765
649070330
649162283
649210979
649296072
649501666
649709016
649760492
649785905
649826567
649830540
650076585
650240993
650376838
650793800
650837655
650868717
650994571
651097871
651233494
651574882
651666173
651675551
651945308
651952074
652055793
652061567
652196879
652467361
652489423
652676224
652701270
652736636
652743364
652942916
652996966
653005979
653265587
653377373
653448036
653468858
653567869
653635872
653754212
653794759
654017501
654413323
654435776
654493787
654704072
654829090
654844049
654875286
654887343
654953968
655027572
655035325
655135339
655154589
655224149
655495367
655528787
655655117
655768735
655819068
655858699
656184096
656241707
656478042
656486128
656498187
656527645
656541449
656635246
656766367
656856688
656951142
657018507
657103124
657129085
657150799
657262432
657270181
657617320
657994585
658035733
658115934
658462592
658698394
658787454
658921832
658933213
658981351
659067697
659239833
659347223
659373349
659409271
659510631
659639006
659721992
659861792
659933610
660038320
660064472
660260756
660316701
660343702
660420424
660641217
660651136
660655196
660905839
660916487
660938574
661084821
661299468
661362461
661625290
661625565
661676259
661761152
661955081
662144042
662229153
662294732
662536258
662739668
662919361
662935226
662981776
663080928
663087662
663091009
663153916
663222704
663568111
663693245
663910265
663925721
664056747
664307000
664353696
664423428
664502799
665204916
665228399
665636010
665676898
665680297
665692994
665728802
665947468
666152978
666200345
666231349
666326885
666459389
666554831
666662720
666992709
667134136
667250732
667416757
667475154
667495910
667674495
667702941
667748050
668025861
668170982
668455932
668794409
669161002
669163487
669165879
669411305
669475776
669635244
669679262
669817857
669908538
669948522
670088434
670212032
670272225
670325922
670372305
670406819
670432072
670492731
670511237
670639843
670752506
671067660
671068506
671157106
671294892
671401091
671581032
671735990
672009206
672032919
672139932
672289094
672397965
672466289
672535883
672563970
672655340
673155181
673301002
673321442
673365159
673424768
673561342
673961297
674062382
674087531
674209439
674402557
674426555
674722363
674792036
675161631
675279239
675365723
675439379
675498940
675518157
675570919
675575223
675644664
675910875
675977882
676130834
676184447
676267480
676314462
676902021
677085507
677157265
677413022
677654945
677870460
678006046
678073870
678701812
678730970
678800870
678890048
679895436
680007057
680326130
680466996
680476021
680503766
680527490
680615222
680634295
680687005
680691643
680720613
680753219
680879842
680928040
680949563
681079145
681195176
681446038
681545190
681678003
681692777
681924215
681928291
682048425
682085273
682350731
682367563
682613748
682679470
682736626
682737078
682900658
682974831
682976441
683119161
683213486
683306396
683309587
683336672
683538773
683632822
683673949
683859015
683932587
683951996
683955381
684034736
684110661
684259683
684677418
684692770
684704205
684714733
684723783
684755603
684863770
684971714
685220851
685549484
685622011
685710872
686518107
686714201
686730762
686736078
686863907
686973815
687217497
687332873
687506457
687579920
687679709
687776787
687872805
687926652
688156489
688323172
688347869
688378865
688622591
688852786
689034589
689155066
689442530
689567578
689630845
689672155
689710555
689728954
690017808
690075412
690111448
690127682
690334813
690367770
690471744
690474005
690492373
690598957
690634488
690815424
690918075
690989675
691017315
691276274
691449122
691451546
691635767
691639518
691643253
691846333
692064091
692216746
692359398
692368543
692458743
692534070
692713933
692786742
692812949
692842292
692981712
693485026
693550658
693807394
693866392
694185642
694641147
694708374
694830070
694860591
694887982
695258232
695302120
695466127
695748720
695815225
695991608
696109445
696253215
696549109
696779465
696947386
697054660
697144830
697250256
697496619
697517721
697538877
697661741
697848505
698312496
698374759
698487330
698495632
698636143
698870249
699045063
699219986
699340650
699460008
699761353
699776712
699945266
700108581
700217177
700287639
700313522
700735180
700975927
701062795
701160292
701169957
701243281
701475883
701539807
701734870
701807124
701943705
701956813
702022939
702286931
702489022
702622777
702750723
702833817
702943003
703354089
703387973
703550253
703571522
703610268
703786772
703835733
703955951
703964683
704213077
704365084
704457236
704572553
704656700
704841123
704976362
705178736
705605356
705632563
705651378
705812977
706043324
706404069
706701148
706740259
706790001
707056552
707134463
707184680
707255825
707321100
707532339
707728674
707746139
707900973
707993881
708302647
708403454
708436665
708443037
708613301
708956831
709163925
709393584
709429650
709606368
709691201
709936136
710058106
710174721
710214393
710231996
710458317
710887989
711089503
711100255
711645630
711670882
711845894
712059803
712171054
712268428
712633417
712786252
712828258
712898603
713194684
713258270
713355511
713475737
713639137
713941457
714050499
714117792
714330334
714481123
714636915
714710647
714880226
714909614
715159346
715198105
715207829
715292453
715467234
715577216
715725394
715850741
715977337
716167332
716256340
716334471
716385387
716462158
716727459
716898500
716952774
717032538
717226057
717293418
717295407
717637040
717698626
717807878
717974103
718053801
718137590
718152760
718171880
718264801
718275111
718500113
718514519
718523678
718560540
718764828
718899831
718930959
719005510
719094417
719205852
719272028
719346228
719506853
719594457
719609524
719650353
719713118
719824015
719885386
720024122
720155633
720185677
720228804
720273398
720591308
720770326
720826144
720875351
720916090
720936636
721428525
721733683
722060049
722237927
722308542
722454443
722480751
722633179
722838461
722844083
722900352
723040194
723387536
723445143
723578341
723681702
723705710
723810686
724025165
724148075
724241990
724694082
724916170
724949884
725138377
725362297
725663994
725851476
725868784
725961688
726181851
726277479
726334697
726371155
726409053
726579530
726614537
726764303
726857769
726956429
727393098
727451192
727671564
727720801
727843428
727856737
727918107
727952741
728084007
728120804
728149010
728671166
728830027
728970290
729238311
729290176
729335133
729484654
729568616
729887057
729972835
730015633
730081555
730199492
730268714
730418657
730441138
730685888
730722386
730832933
730888980
731190922
731190952
731563037
731571083
731812679
731893930
731967487
732048599
732360161
732576509
732840718
732853814
732940310
733053144
733163043
733264227
733327814
733450907
733628447
733781810
733898061
734415930
734548334
734575198
734594767
734673185
734779227
734948415
735001925
735030706
735079296
735169591
735194528
735477699
735551514
735840146
735914085
735937718
736017566
736034190
736077591
736214337
736480879
736491298
736581905
736651692
736709428
737071478
737161521
737168133
737294815
737386300
737517723
737518944
737582315
737594374
737654461
737703662
738076217
738110294
738255977
738393740
738394660
738633193
738647283
738909365
738912494
738919447
738982993
739000681
739068399
739166582
739273303
740033621
740307084
740759355
740774787
740903352
741160450
741462701
741572589
741638678
741957620
742035879
742499321
742811797
742819515
742853661
742949164
743131527
743768897
743894715
744161708
744224864
744846053
744893147
744941743
745202977
745425661
745520789
745598382
745693059
745790417
745792349
745863593
745897490
746283858
746349250
746544720
746719224
746926210
747040077
747327704
747385037
747537475
747746249
747844822
747983652
748051103
748139265
748245382
748258001
748349614
748430901
748462857
748515749
748806355
749017833
749024605
749146145
749217043
749241873
749527092
749698586
749757806
749801284
749856098
749963007
750003033
750159999
750167716
750175890
750251201
750547889
750621862
750630257
750659091
750679664
750829613
751002780
751062934
751078044
751148990
751378130
751655327
751709361
751737835
752027138
752064835
752143421
752327934
752367198
752392754
752433521
752704313
752750471
752839639
753532038
753554421
753636158
753732836
753744777
753753683
753779927
753959819
753999960
754125140
754496780
754574048
754777750
754963290
754975230
755471652
755526127
755594861
755644008
755867970
756095042
756098480
756297406
756459200
756730118
756759355
756898537
756915667
757001842
757891797
757950880
758029098
758179117
758220161
758225205
758323466
758479703
758781272
758816155
759007339
759170114
759316586
759466821
759592334
759726503
759998876
760034596
760207767
760243555
760281936
760313750
760481135
760582799
760682775
761130985
761213948
761250573
761267672
761553239
761614513
761637199
761701659
761812811
761855727
761865277
762000549
762680168
762924393
762969589
763104635
763148569
763187937
763343750
763360602
763447433
763617015
763794427
763857976
764181562
764324635
764756387
764851988
764892438
765097602
765268780
765326717
765417016
765434825
765516336
765530938
765800805
766004082
766092489
766146081
766221743
766527885
766531234
767066249
767110751
767125139
767261420
767317444
767405991
768123568
768125357
768193721
768356649
768580150
768640094
768794057
769130908
769210206
769304465
769500843
769615304
769759633
769789348
769989605
770361246
770385503
770443272
770477853
770479279
770571220
770833934
771151432
771358132
771476364
771604107
771878070
771893916
772020847
772054180
772521450
772630251
772634225
772900257
772954887
772970072
773058976
773273718
773319847
773446912
773506466
773595097
773748473
773836432
773901111
773955051
773963288
774028996
774044599
774318984
774404628
774809492
774922909
775036055
775056794
775094909
775417873
775428484
775473788
775496414
775497886
775707997
775799924
775842631
776088411
776501082
776524403
776532036
776544874
776624031
776808933
776878673
777080124
777134495
777210498
777288820
777322269
777371823
777374883
777381216
777483316
777635325
777720504
777828487
778036936
778070285
778219419
778818446
779289672
779451238
779664872
780172261
780238390
780295098
780345318
780391104
780419494
780602752
780695788
780821396
780894828
781098823
781459970
781485213
781507959
781804171
781882152
781903141
781999754
782091583
782280524
782436840
782630773
782648142
782806240
782926243
782985092
783002463
783122045
783175739
783368690
783387964
784051571
784127156
784273487
784621140
784639529
785252277
785280947
785286845
785446847
785550551
785699897
785915741
786039021
786055776
786096879
786146246
786266877
786488630
786910435
787078592
787086305
787189168
787534194
787539863
787643316
787660056
787670983
787689126
787872249
787897525
788014412
788175905
788186480
788380902
788415147
788513271
788986238
789065969
789243938
789366143
789373855
789376348
789595022
789613693
789797141
790104068
790287828
790352646
790411260
790413831
790448452
790685205
790728944
790913700
791018654
791251530
791321676
791396296
791455662
791559189
791698927
791788160
792169487
792762381
793039021
793256508
793588849
793725219
793891254
793895841
794027639
794123786
794292538
794452111
794581163
794645486
794663852
794913027
795053762
795519125
795690885
795918602
795959058
796136154
796348687
796425834
796529518
796563491
796664164
796681342
796786335
797073940
797250747
797344536
797666825
798003979
798027458
798340127
798418557
798765382
798801153
798936868
799009241
799044646
799189617
799233683
799345225
799419879
799560997
799656624
799728962
799775096
799802056
799838280
799878206
799906078
800289812
800447351
801013669
801826896
801979802
802135719
802148194
802205057
802216246
802438799
802491982
802528136
802572483
803563461
803590181
803602255
804046007
804289383
804393119
804723202
804765595
804798971
804817184
805100486
805104510
805251743
805274956
805279640
805287600
805587942
805613091
805620848
805750846
805816260
805972619
806119540
806176022
806506595
806517553
806636938
806720168
806846238
806861727
806889408
807069883
807103978
807319332
807444981
807717081
807869145
807869899
808079088
808217741
808665736
808681861
808697565
808808585
808851235
809485522
809489949
809967237
810015533
810024745
810411310
810713171
810821955
810882584
810986736
810998055
811098165
811204984
811401051
811507986
811545533
811742698
811940865
812011867
812247776
812282134
812426701
812560053
812718902
812920245
813080154
813167711
813274570
813284967
813465002
813511382
813592586
813823381
813908251
813920038
814283572
814634316
814651134
814887560
814969968
815171932
815209933
815320763
815584927
815611343
815754673
815774123
815859315
815983044
816455562
816504794
816636480
816664702
816790085
816792856
816823884
816976784
817013888
817049764
817213073
817289323
817482649
817572761
817632555
817922951
818032248
818084292
818128616
818150212
818194011
818249794
818481106
818868837
818982353
818984200
819216446
819485269
819599372
819625524
819626409
819631361
819635083
819827984
819919772
820042348
820097487
820388464
820432110
820445510
820456432
820697697
820830304
820965014
821066342
821115873
821281468
821319300
821351989
821375974
821687849
821985700
822069232
822101665
822248130
822262754
822304435
822472410
822500760
822514995
822617140
822654124
822767213
822874455
822890675
823010272
823025015
823089412
823098032
823238867
823399162
823541320
823586388
823796892
824215546
824272813
824700010
824722490
824726897
824765827
824804774
825039875
825051735
825060319
825172631
825183547
825312109
825440598
825493053
825726814
825791694
825867182
825992939
826047641
826340414
826620483
826641402
826668206
826750128
826782912
826785426
827092061
827336327
827385948
827462271
827524435
827592008
827723200
827873515
827910825
827946632
828209943
828321738
828388027
828405811
828489038
828585542
828984987
828995128
829056151
829196782
829197086
829531752
829570037
829715400
829724491
829740888
829774317
829785428
829878520
830365981
830496746
830539036
830877171
830921752
830992300
831083598
831099451
831220360
831265917
831545290
831588723
831661736
831755997
831768825
832077645
832162286
832237385
832316153
832741634
833195397
833215350
833245482
833264839
833456057
833469976
833488263
833550093
833639403
833949222
834032976
834430275
835022190
835093397
835125244
835127597
835181862
835342733
835462166
835512531
835787884
835905917
836040215
836208501
836228807
836353644
836605683
836802671
836881504
836997946
837277950
837626799
837696183
837869432
838139053
838177151
838289233
838549458
838733761
838823352
838925786
839302697
839425676
839483538
839584633
839677468
839719074
840019304
840048586
840536404
840700573
840714375
840735668
841076672
841148365
841365914
841452831
841546849
841585795
841834532
842125276
842198392
842217685
842493053
842533461
842566590
842734373
842898927
843045901
843180921
843886978
843993368
844005667
844031600
844169939
844206644
844208513
844320799
844342337
844400657
844462197
844967250
845172657
845207433
845299958
845318908
845394080
845462314
845525398
845563291
845571192
845630304
845636353
845716951
845954166
845987038
845997813
846158627
846162289
846164556
846271957
846409938
846621269
846667123
846811127
846812080
846930886
846942590
847110094
847196228
847228023
847295153
847302720
847344718
847472101
847915875
847917094
848096107
848520019
848626607
848764488
848857675
848904405
848934683
849191662
849394218
849399083
849552528
849557795
849580744
849725352
849876229
850045042
850152336
850377601
850382211
850500202
850598623
850612763
850793504
850952926
851055323
851164576
851329519
851422246
851445950
851876699
852044365
852087126
852283855
852340564
852539234
852803193
852840870
853101996
853231367
853367538
853651108
853894232
853991046
854047329
854155594
854371903
854428386
854894461
855103807
855191614
855320512
855459967
855536242
855636226
855810150
855843024
856016522
856130939
856196471
856306879
856363827
856374729
856385336
856406667
856669179
856843845
856979759
857174069
857300821
857490000
857504598
857746939
857756970
857802689
857962504
858118234
858348129
858504292
858721860
858730850
858829294
858983422
859031536
859095655
859310840
859484421
859505776
859563181
860144854
860422328
860516127
860923474
861021530
861109485
861138496
861199372
861248446
861543921
861701682
861726197
861746410
861798817
861838989
861853489
862109339
862140492
862248064
862292122
862372072
862558705
862875640
862922341
862938717
863043860
863090086
863351323
863510023
863519112
863617753
863625396
863846072
863855284
863967037
864101839
864272763
864447137
864610160
864652544
865033882
865036214
865095027
865144369
865640296
865681877
865845082
865846426
865945941
865987415
866000081
866355856
866360494
866396003
866446832
866596855
866714440
866755776
867107722
867266229
867406200
867626400
867874951
868272669
868423919
868449659
868680459
868740800
869421294
869439259
869470124
869635587
869813362
869921280
869940457
870195809
870305000
870359979
870376242
870464947
870701493
870721819
870725893
870845388
870886105
870912643
870923556
871316929
871328242
871418852
871700699
871812298
872285314
872358697
872456618
872469679
872666833
873193468
873199181
873524566
873707975
873798383
874213496
874286813
874412034
874459131
874506252
874545820
874586284
874799051
874960596
875217972
875218967
875242061
875295031
875335928
875470641
875638893
875641892
875717581
875936070
875969377
876050531
876085544
876373997
876456903
876855542
877057460
877062718
877068972
877565100
877863828
878051463
878273679
878437668
878577057
878777377
878786386
879372052
879609339
879683501
879745414
879795257
880074537
880081198
880210192
880346039
880481701
880492499
880523447
880944650
881049613
881346364
881356391
881865366
882160379
882263958
882322541
882575226
882802159
882848787
883016110
883109859
883307750
883330509
883401305
883424290
883555567
883612596
883799426
883987086
884084579
884149446
884167637
884258257
884412400
884661237
885198451
885420959
885475113
885615209
885699776
885799631
886086990
886386216
886578186
886872710
886873446
886876567
887077888
887085106
887097654
887138548
887658390
887665154
887815939
887966143
888017808
888055336
888482339
888520737
888830763
888906197
889023311
889096169
889164757
889537797
889575205
889804310
889829481
889947178
890001206
890060908
890102501
890117155
890606230
890934444
891066487
891252715
891292515
891342723
891363558
891498980
891528784
891633083
892066601
892100321
892119326
892335526
892403529
892430639
892705979
892723111
892838847
892938699
893051878
893244856
893333907
893623017
893910072
893916965
893920964
894120867
894146451
894429689
894519218
894568290
894600361
894617267
894661689
894869401
894964680
895232088
895359939
895414816
895610196
895873480
896073990
896172326
896179453
896236448
896306640
896551633
896595622
896757354
896870037
896925393
897234431
897534569
898152167
899058025
899304817
899334107
899412819
899504476
899542553
899633766
900095018
900104667
900205108
900257991
900269508
900553541
900874211
900915125
901211983
901482438
901540637
901723600
902076169
902328134
902411556
902736997
902863873
902919189
902990173
903409954
903610071
903633726
904251768
904279192
904422147
904572463
904768654
904800816
904930058
905031020
905039195
905068689
905241081
905894996
906183458
906423611
906536221
906705458
906880163
906889260
907136219
907398977
907712995
907895021
908518808
908526411
908681983
908835090
909002904
909118513
909190702
909197235
909443370
909448681
909676663
909757532
909850543
909904586
910027536
910045329
910053150
910141133
910210050
910300925
910450857
910492930
910613193
910661806
910858270
911165193
911241979
911445431
911446562
911539847
911622560
911759956
912078408
912163036
912194650
912484362
912669538
912802551
912834346
913273209
913454833
913677622
913702650
913747178
914020567
914097874
914453810
914500838
914544919
914560116
914576914
914600930
914635591
914666118
914681921
914711381
914990513
915163038
915256190
915554257
915664225
915666051
915711850
915736906
915804415
915892857
915989944
915991275
916018859
916237892
916250774
916350768
916459253
916580059
916768482
916928191
917073764
917104697
917305981
917609663
917679292
917688989
917784621
917820531
917957771
918258803
918386023
918483162
918502651
918927664
919121924
919191847
919214647
919564026
919655804
919658456
919785523
920670038
920703868
920706138
920992956
921248540
921376925
921534628
921562649
921633998
921661146
922018481
922105082
922265375
922538714
922587542
922757472
922802942
922824791
922883852
922932288
923046588
923744725
923775275
923933022
924047996
924200848
924227022
924264286
924279777
924743259
924774222
924801876
924839325
925203165
925213404
925357509
925473439
925754977
925915895
925988871
926029375
926228785
926231109
926315612
926411641
926440376
926585258
926687531
926919184
927034633
927203630
927376882
927454328
927473819
927488636
927495994
927535811
927612902
927647495
927818509
927885991
927925537
928027710
928056842
928096382
928140528
928189300
928219639
928295252
928467798
928494151
928533185
928623293
928657817
928682751
929242864
929452470
929465979
929588156
929765404
929783631
929962103
930104896
930237129
930334779
930353825
930545146
930570524
930644296
930772757
931101489
931336718
931489114
931513970
931525347
931702944
931706506
931875017
932026304
932062638
932116354
932862806
932874974
933084303
933089727
933110197
933197247
933366332
933596911
933773484
933890538
934392735
934491586
934603207
934618834
934657902
934660183
934695984
935014385
935417405
935504242
935718902
935871402
935888731
935962074
936060910
936381035
936621968
936971908
937010165
937370163
937477084
937495191
937558955
937775010
937775122
937826668
938343238
938571076
939183393
939288131
939309556
939457669
939509589
939597939
939671752
939819582
939828293
939882271
939964443
940022924
940115945
940218397
940430898
940443437
940472515
940492747
940599174
940694003
941117027
941154508
941160530
941353885
941511021
941690360
941727088
941754140
941804289
941883880
942024561
942232734
942481690
942581876
942615648
942724790
942739003
942973942
943003493
943116035
943137703
943190495
943327684
943410399
943471008
943550446
943679781
943710236
943947739
944095745
944096913
944216249
944442929
944486877
944644439
945117276
945229157
945359154
945493634
945697454
945860548
945877108
945891638
945972417
946482206
946638228
946710049
946855866
946899220
947346619
947691087
947867422
947921995
947923973
947959737
948050740
948106407
948223782
948377259
948432483
948627941
948761568
949378337
949784416
950038936
950138326
950148346
950390868
950561927
950615538
950622654
950777694
950881304
950955939
951186440
951238812
951329765
951426815
951450700
951499465
951761153
951788018
951817537
951966463
952062315
952062949
952534561
952617546
952754349
952768216
952822940
953044687
953161956
953197930
953198099
953433063
953443376
953483303
953534826
953548444
953583398
953673882
953691761
953926143
954222218
954233518
954296984
954462294
954515802
954696532
954771801
954784284
954947677
955194731
955701520
955769409
955798986
955877025
955982431
956021008
956134158
956246677
956297539
956428651
956774406
957333399
957426576
957640735
957709673
957747793
957873435
957893884
958238469
958619429
958761659
958822040
958942307
958958091
959112711
959162035
959168920
959171794
959200313
959337207
959343768
959367596
959372260
959558365
959658925
959970879
959997301
960073039
960188534
960433764
960435413
960709859
961135338
961268277
961415139
961647660
962033002
962564682
962764794
962845746
962888786
962928545
962980710
963197315
963235673
963380683
963799634
963816134
963920830
963964191
964255351
964263748
964445884
964845004
964952921
965056927
965149637
965234660
965381894
965421244
965482131
965620727
965670123
966071161
966488613
966491027
966618017
966655788
967108342
967412412
967513926
967632854
967650032
967681095
967905751
968051584
968116330
968217462
968338082
968487783
968642166
968654762
968728872
968851584
968890371
968909699
968922326
968961127
969044901
969069027
969323427
969397820
969501661
969680838
970034225
970086681
970090192
970403532
970669615
970782719
970925433
970996743
971343899
971529848
971813271
971899228
972039810
972058109
972122523
972125383
972451449
972605807
972650123
973130968
973161140
973204606
973294814
973365509
973387981
973472612
973521090
973594324
973603940
973622720
973663777
973825604
973914398
974255332
974423328
974571475
974806403
974983157
975005226
975402908
975541128
975830465
975886384
975915209
975960378
976012582
976112927
976243076
976350310
976361647
976668784
976714674
977040972
977084267
977415389
977648522
977764957
977987422
977992238
978053418
978128825
978220440
978467039
978481700
978587665
978610417
978617122
978701519
978701535
978900980
979015720
979110059
979575260
979577822
979601485
979629507
980142481
980356728
980690626
981064260
981208324
981223415
981303315
981393799
981512505
981725170
981736951
981766422
981861027
981914693
982075616
982121027
982246127
982275856
982302073
982455411
982526843
982840553
982906996
982908766
982936784
982945082
983228458
983459672
983541876
983614030
983631233
983650352
983690368
983827549
984048626
984124220
984210012
984313970
984459928
984461366
984483445
984498433
984953220
985072486
985119375
985204628
985433483
985778828
985970818
986437271
986456725
986478257
986586432
986796618
986894018
986960392
987059619
987099538
987106312
987231011
987235624
987253124
987323286
987359759
987489992
987496144
987519915
987563924
987655112
987706141
987722163
987987334
988110427
988180237
988265522
988308582
988506952
988699027
988714904
988967060
988992210
989032862
989200801
989230775
989241888
989352324
989422101
989492335
989753853
989806367
989833661
989959220
990087183
990159016
990178440
990217934
990341616
990383233
990526343
990608995
990687681
990784207
990892921
990982690
991011984
991034551
991039875
991156615
991241042
991504719
991505661
991516270
991742780
991810563
991901004
992028067
992055382
992208942
992209118
992232983
992277052
992434581
992501832
992576590
992746710
992865128
993049646
993077304
993165407
993683397
993967637
994095022
994120896
994159651
994244506
994320152
994675953
994703850
994766608
995061991
995097051
995234140
995397551
995706887
996018704
996774026
996879552
996947684
997191005
997276125
997315115
997517875
998126997
998171884
998256876
998318550
998562957
998590590
998597238
998713308
998766075
998898814
998994314
999001511
999038585
999079095
999114641
999337836
999357998
999416032
999585426
999607582
999701161
999868156

