33062
100669
372555
419805
456510
490107
871000
1089438
1100545
1229904
1648609
1769972
2416949
2495425
2564350
2846977
2992734
3463633
3497683
3886059
3980519
4011520
4187516
4270296
4504234
4537736
4642738
4744263
5084672
5418816
5631942
6047395
6071125
6072641
6138722
6420005
6777125
6777163
6811972
6938620
6939507
7047983
7155895
7245829
7277217
7426169
7684930
7905771
8057661
8285608
8293554
8532428
8620975
8936987
9726312
9771475
10014811
10150109
10528946
10604139
10720737
10764797
10794583
10901063
11614769
11662880
11671338
11882475
12260289
12502954
12548159
12692331
12707329
12836610
12895151
13146790
13725218
13798878
13825605
13966848
14126950
14701101
14871043
14933990
14989683
15319199
15322500
15857464
16408437
16499950
16570124
16747294
16764524
16922351
17117507
17461929
17487483
17565625
17679567
17881519
18014057
18041598
18186733
18373832
18376938
18400960
18462069
19063328
19217281
19305995
19382894
19485054
20084148
20336956
20406649
20432100
20532420
21303708
21363101
21424758
21432192
21449807
21784812
22089159
22334982
22337363
22800096
22852617
22963858
22988865
23334271
23457753
23637094
23762697
24027583
24516898
25042772
25084100
25125849
25187190
25202362
25222833
25251990
25314788
25533459
25554010
25701533
25753319
26061770
26201114
26253510
26366796
26374844
26413173
26416758
26478004
26488339
26929416
27553146
27907669
28264029
28363610
28648726
28720897
29009428
29116548
29322037
29621931
29777560
29809451
29860596
30121288
30245415
30313563
30387226
30449291
30678241
30874969
31004039
31126087
31207394
31308902
31589325
31797565
32321825
32363193
32454154
32510512
32566124
32636498
32652302
32684367
32894977
33018190
33165457
33206202
33252481
33261900
33505236
33669086
33713861
34514500
34740865
34829832
34949299
35005211
35317824
35586989
35756851
35839366
35911917
36001642
36140795
36215463
36256709
36267705
36869528
37127828
37335344
37412975
37487770
37623446
37770478
38301418
38453694
38626924
38649718
38664370
38828826
39199093
39533257
39723618
39848341
40317565
40332871
40610537
40651434
40658094
40759385
40776180
41268864
41356631
41641751
41655229
41824130
41984908
42010569
42028215
42080532
42106956
42169370
42186306
42254228
42517543
42830296
42999170
43353969
43388777
43588474
43695777
44041351
44082050
44470216
44554163
44804919
44897763
45064825
45069410
45251304
45299067
45552368
45826607
46370347
46741222
46811558
47140186
47196295
47372231
47610720
47830643
47919986
48017638
48522001
48938329
49197811
49211756
49488897
49546350
49561859
50086034
50365223
50760512
51030530
51245830
51402293
51527998
51858969
52775474
52861120
53232475
53476175
53514403
53999932
54181467
54306629
54350259
54449299
54873513
54930039
55119204
55519019
55640066
55988922
56236614
56665155
57337242
57418418
57467587
57518732
57918263
58591440
58657199
58907361
58964125
59344234
59643461
59789835
59961393
60494695
60975266
61101360
61204105
61535680
61537967
61730690
61755148
62299853
62361873
63018202
63299708
63449294
63473287
63485056
63641238
63762111
63765871
63880569
63958031
64317458
64564349
64604173
64651899
64784082
64945486
65010947
65042992
65093662
65103348
65120356
65311705
65339680
65533764
65542485
65566092
65785292
66075704
66077375
66120160
66148151
66493503
66612981
66908520
66990816
67062760
67247035
67854538
67874133
67936271
67966707
67974802
68224547
68728258
68801443
69110699
69114447
69117832
69142334
69157620
69755936
69774565
70061690
70298129
70575321
70636429
70707654
70788355
71061648
71185160
72190528
72628238
73070847
73255162
73407063
73646711
73673339
73781763
73785404
73831160
73881423
74061048
74216439
74552805
75156181
75191653
75245562
75259134
75548480
75669741
75699972
76065818
76261902
76270887
76277107
76334055
76387350
76593093
76764902
76810012
76919591
76982346
77211388
77486715
77683174
77706541
77837209
78012497
78107280
78175617
78359216
78374295
78417603
78480869
78756298
78898506
79065186
79161257
79611790
79943989
80201211
80329499
80502308
80779600
80869451
81029448
81063046
81174232
81362124
81458260
81572601
82095572
82173109
82735328
83149517
83189141
83955432
84040881
84041882
84147070
84353895
84368447
84384795
84420925
84546560
84870791
85206797
85291638
85308422
85331055
85357096
86086317
86206725
86635281
86690306
86963638
87157360
87479885
87522686
87638368
87755422
87770711
88590930
88639634
89018456
89653714
89816339
89966067
90099484
90438014
91119157
91714937
91729405
91854097
92059772
92083088
92503157
92637289
92720083
92771206
92819519
93155710
93189435
93232173
93506748
93508921
93782069
93882409
94097161
94255812
94258726
94307398
94613281
94836299
95266356
95275444
95530607
95802345
95966189
96055805
96079422
96198530
96617457
96689772
96819439
97446870
97611886
97657371
97951318
98193842
98579958
99358641
99527851
99568484
99885196
100598388
100603786
100661313
100731660
101072999
101323875
101457716
101513929
101533292
101709878
102194872
102497640
102520059
102524643
102713256
103087854
103318776
103540592
103816215
103822254
104001379
104028380
104152274
104221117
104451352
104561852
104627321
104665169
104852634
104933720
105210525
105342203
105575579
105629391
105816539
106059479
106211926
106242869
106418446
106668624
106914653
107096180
107230151
107484169
107654819
107713080
107734713
107747442
107920488
107939561
108039334
108050440
108199257
108375482
108399134
108537283
108785490
109450254
109967654
110304183
110341087
110613202
110919287
110980456
110993018
111060014
111088131
111166929
111387570
111537764
111691313
111783898
111800030
112028656
112043682
112087195
112255763
112526508
112718116
112720090
112805732
113331867
113502215
113556942
113658790
113675743
113690868
113766839
113903881
113953046
113974112
114646704
114723506
114738097
114760235
114937732
114962507
115000093
115115464
115133608
115206657
115227667
115917669
116087764
116323015
116391568
116423768
116545772
116716255
116903580
116945487
117142618
117303605
117413002
117661055
117726230
117923969
118421993
118801173
118941728
118993446
119389304
119399015
119667502
119764672
120048829
120090212
120131589
120214107
120279370
120306710
120630960
120738486
120741187
120838155
121147484
121241302
121248617
121608488
121948088
122125315
122155988
122249809
122336503
122466788
122533302
122551742
122801455
123016228
123043725
123473348
123598167
123716509
123801655
123987799
124149955
124220263
124236872
124311574
124416065
124666328
124734562
124898138
125023787
125898167
126107205
126183327
126257224
126362173
126401947
126794893
127040702
127052251
127167744
127210541
127340947
127758874
128228875
128349144
128419117
128482280
129033333
129043633
129183332
129566413
129707775
129709433
129768394
129834447
129947779
130082424
130324323
130543363
130644815
130698571
130794395
131058752
131176229
131189562
131352346
131359211
131491977
131761079
131884850
131953877
132205946
132629780
132688302
132719348
133286977
133584523
133626771
133656396
134040403
134113236
134591281
135019593
135177290
135386147
135497281
135693054
135771559
135787096
135813159
135962564
136135018
136416008
136495343
136561149
136864840
137100237
137226130
137288709
137386989
137387633
137390358
137638147
137806862
137949908
137990260
138078721
138101281
138172497
138259617
138328364
138700754
138704485
138982933
139352160
139536873
139722835
139842053
139901474
139993259
140082830
140210352
140384172
140579593
140624109
140830430
140858988
141153674
141413008
141540322
141616124
142010736
142447450
142699356
142757034
142919358
142930164
143124030
143154913
143195511
143408282
143493320
143565421
143849810
144278050
144316428
144522535
144874089
144963628
145151225
145174067
145186709
145357080
145376088
145854098
145975358
146137088
146220943
146410762
146533149
146690120
146735658
146753918
146810336
147198697
147469841
147594215
147775927
148214896
148420696
148472296
148576388
149677717
149798315
150084506
150122846
150203107
150238230
150517567
151297278
151519934
151572322
152059765
152262092
152645729
153162844
153263590
153845032
154073370
154349542
154499430
154615609
155036189
155324914
155465115
155505365
155722604
155785752
155789224
156541312
156565744
157272379
158136104
158303604
158374771
158381494
158535326
158671754
158747661
159037710
159126505
159259470
159473059
159897004
159999213
160051528
160063179
160475789
161922596
161948866
162088421
162403134
162824071
163384280
164465626
164585770
164826621
165344818
165418241
166437685
167368542
167434826
167793078
168002245
168021018
168057522
168488323
169442043
170132540
170253681
171029949
171142496
172063133
172154289
172623403
172669440
172755590
172895038
173002606
173059560
173369081
173506518
174515334
175324309
175446571
175526309
175627016
175821956
175989877
176225844
176356569
176911340
176924347
177312851
177332700
178341976
178835412
179339467
179478661
179486052
179529128
179946307
180082199
180785147
181010038
181226513
181271232
181738995
182176620
182595892
183912267
184154091
184214677
184320788
184366026
184622626
184726095
184794536
184803526
184812754
185963953
186015033
186090428
186125413
186241694
186391879
186452551
186631626
186896499
186994949
187337023
187386865
187427397
187797756
188043983
188213258
188510062
188800835
189059476
189153143
189256387
189258051
189409560
189544209
189641421
189914410
190113083
190194625
190503441
190668363
190833023
191471704
191520958
191566617
191614946
192048860
192433878
192532621
192707556
192713458
192967873
193088109
193552063
193836679
194064088
194559277
194953865
195740084
195945229
195950186
196095815
196153579
196285753
196748250
196774315
197182313
197277486
197352298
197477949
198619204
198628789
198720172
198805545
198911786
198948480
198979245
199311796
199411898
199420528
199680559
200501653
200747796
200977805
201162069
201305624
201345764
201407458
201690613
202019540
202029501
202376250
202550399
202640845
202969762
203013321
203030386
203684112
203845520
204102747
204275569
204428608
204462951
204742850
204754116
204868098
206266994
206496585
206674446
206758863
207026272
207621703
207774949
208591742
208744777
209331367
209359415
209379174
209419369
209473567
209597698
209734969
209854446
210215450
210359231
210576770
210997811
211270210
211608254
211721386
212052176
212220435
212251746
212295100
212528560
212534319
213132347
213153954
213213171
213280396
213594814
213735047
213801961
213877140
213952386
213975407
214419677
214790563
215341973
215387142
215828993
215992974
216220853
216272000
216588711
216803069
217010946
217038602
217161528
217196008
217415497
217704412
217852623
217871137
217927335
217985588
218200987
218248263
218272784
218458780
218474917
218574358
218640587
218942709
219015469
219147069
219377470
219407971
219544266
219600867
219933931
219976257
219994425
220071006
220282619
220510539
220585472
221389873
221558440
221713886
222028828
222343444
222827834
223207428
223712350
224048977
225708428
226351142
226723382
227477752
227586442
227734017
227833555
228217069
228691975
228698447
229548226
229939013
229999242
230674396
230769829
230891466
231067850
231097529
231192379
231366256
231602422
232056856
233114544
233233021
233530952
233614511
233665123
233694996
233706647
233983202
234262547
234576987
234644696
234686974
234799752
234815955
235202254
235238502
235649157
235745791
236616554
236682857
237053542
237140292
237379107
237979969
238138000
238241306
238433452
238498976
238504350
238962600
239036029
239547247
240554603
240854387
240959156
241027172
241258962
241315329
241361591
241909610
242255018
242474976
242561041
242588954
242608872
242639747
242660715
242754098
242907571
242990415
243018184
243110911
243128425
243253491
243268139
243439214
243444543
243769942
243804735
244316437
244453596
244624221
244849762
244930122
245036421
245240853
245277883
245466382
245491186
245644428
245798898
246088582
246101662
246247255
246322141
246447757
247011964
247291216
247412082
247849492
247906197
248107964
248185889
248574635
249152986
249748707
250016323
250198952
250372661
250801052
250822806
251243823
251300606
251836754
253207672
253655458
253674535
254390769
254413882
254749154
254980437
255035368
255179497
255237575
255251761
255349946
255387090
255789528
256031502
256273378
256363941
256772878
256804978
257009719
257164626
257620370
257675105
258095765
258129326
258219170
259042831
259076780
259322902
259480129
259488863
259577690
260152959
260401255
260596963
260995960
262021414
262129793
262178224
262458924
262486766
262692685
263043320
263419017
263707074
264095060
264448664
264537114
265122573
265204346
265596083
265632904
265784918
265939255
265989390
266218466
266222407
266235189
266795367
267040926
267733606
267774969
267889618
268126901
268308970
268374276
268409912
268632557
269026234
269365760
269400346
269441500
269455306
269833163
270551295
270617569
270744729
270754552
271059426
271826264
272020127
272312086
272327630
272469786
272796157
273207249
273911899
274325361
275373743
276192190
276217690
276673168
277278674
277392187
277511625
277849958
277970780
278190158
278450030
278608944
278722862
278792724
279121308
279527351
279820114
280311131
280321648
280631491
280931765
280981337
280982766
281276174
281830857
281845289
281944976
281957436
282291499
282648518
282723354
282828202
283467324
284263301
284327308
284665220
285228804
285682472
285830504
285839403
285859963
286289270
286316151
286448566
286598370
286713846
286791631
286966948
286983804
287572525
287726651
287859999
288772212
289360871
289511154
289547084
289700723
290127955
291079690
291169347
291425259
291554098
291789062
292218004
292413412
292423943
292850339
293259316
293460090
294110991
294124046
294151249
294702567
295166342
295815494
296082014
296528780
296596980
296864819
297046355
297510827
297598514
297785900
297820659
297893529
298125972
298167279
298484488
298501962
298625210
298965069
298975429
299707540
300248473
300595513
300719389
300819353
301004340
301053842
301373537
302116632
302539390
302905192
302935500
303238858
303455736
303785506
304089172
304133130
304352949
304438548
304505404
304811783
305197314
305425913
305564045
306766083
306851320
306980108
307510076
307565984
307571472
307964193
308044878
308202906
308424538
308581515
308846135
309112297
309198987
309383303
309398337
309572886
309667127
309766496
310062900
310242589
310273413
310936585
311269559
311647339
312186354
312313043
312630443
312712376
312994984
313823293
314218593
314586528
314909341
315209188
315634022
315813605
316505735
316554595
316953165
317097467
317875109
317992893
318141009
318322042
318333694
318561886
318984471
319041805
319619072
320062251
320399826
320401392
320634492
321756868
321869343
322044317
322334813
322510069
322569755
322623287
322633623
322710936
323199267
324323221
324763920
324901554
325827441
326247643
326551394
327254586
327305250
327529462
327727208
328104339
328298285
328386656
328674418
329132133
329202900
329370448
330301183
330546620
330573317
330625380
331016259
331365439
331557302
331565220
331601568
332238283
332266748
332702450
333293469
333359469
333480550
333582338
335077589
335132244
335354340
335531187
335558628
335714087
335757408
335939811
336092622
336135205
336189196
336194465
336465782
336728279
337434154
337453826
337739299
337745691
337856142
338299904
338346092
338888228
339173201
339193736
339326423
339335164
339388427
339762386
339980538
340157793
340321698
340563072
340573924
340606628
341443181
342146590
343457914
343606042
343886628
343945053
344130872
344247686
344541320
344593499
345367818
345554529
345705290
346030096
346502533
346780946
346804712
346811305
346941484
347008216
347584264
347788837
347795651
348325554
348361729
349029729
349121784
349281413
349517445
349851601
350322227
350422715
350490027
350573793
351205738
351450250
351538839
351748718
351777724
351797369
352118606
352406219
352964522
353056618
353436873
353511414
353592203
353668775
353673391
353825800
353828929
354321179
354367395
354575023
355126162
356228371
356341138
356426808
356684278
357242587
357984240
358104524
358279876
358532290
358625421
358854042
358984857
359013537
359147515
359202788
359512183
360022300
360478499
360613073
360933007
361261451
361478979
362243428
362447374
362575055
362638020
362795150
363159161
363304213
363316653
364090032
364180570
364196342
364228444
364234956
364319529
364531492
364686248
365180540
365547042
365862802
366405247
366420782
366831742
366913064
367085193
367209095
367480709
367743294
367858053
368046387
368062958
368293026
369133069
369321801
369356620
369520631
369602726
369678468
369705107
369893141
370917955
370973813
371195941
371499336
371570003
371591002
371653516
371704852
371888680
371935247
372004513
372160269
372261796
372315265
372668364
372758355
373026856
373226340
373953666
374138644
374330757
374344043
374369755
374600938
374631287
375179334
375444584
375487534
375552878
376035217
376108019
376539012
376696776
376710097
376875057
376941062
377108003
377970868
378342196
378409503
378469911
378770797
378811577
379366797
379461075
379803375
380171692
380390179
381543847
381639126
381672606
381690930
382697713
382926131
382926234
383174967
383491953
383960411
384079421
384095820
384295879
384370888
384696634
384724137
384868448
385414639
385952847
386099901
386122429
386214636
386418627
386510139
386615055
386753870
386839851
387036159
387346491
387451659
387516123
387908846
388391521
388450127
388803074
389040743
389079342
389492803
389867269
390352042
390387708
390543437
390598089
390848153
390865725
390868264
390871053
391091185
391607779
391927494
392035568
392537953
392665789
392740049
394062426
394633074
394709364
395011053
395132002
395191309
395235128
395279207
395405989
396005216
396028861
396342013
396377017
396473730
396768681
396918184
396926156
397208466
397489210
397849319
397977904
398068012
398295499
399403847
399493245
399874863
400000569
400267990
400660703
401016538
401262337
401422376
401473495
401542104
401808472
401943880
402492972
402505904
402586708
402724286
402903177
402923307
402961682
403068011
403938270
403997111
404158660
404196431
404259631
404515797
405097218
405201937
405341089
406011017
406736335
407392292
407487131
408347194
408564037
408671759
408691647
408960629
409098738
409544918
409907854
409959708
410134047
410228794
410409117
410553902
410681417
411154259
411266131
411328205
411522957
411549676
411826969
412017135
412277685
412776091
413360099
413575986
413892161
414460396
414647625
414829150
415431554
415505363
415522325
415675634
415922256
416023182
416162964
416966149
417076376
417126763
417988751
418468232
418646579
419413069
419481884
419786226
419914800
420376850
420599300
420687483
421101832
421186593
421449833
421825361
422449966
423399815
423401433
423524763
423887803
423977622
424238335
424268980
424321892
424627019
424771149
425245975
426451503
426608253
426819080
426869906
427027495
427107603
427204319
427231456
427355115
427778693
428674782
428903682
429363923
429841549
429857344
430123840
430235839
430253414
430310992
431315644
431419379
431530126
431742587
431787582
432114613
433102829
433572996
433573769
433925857
434248626
434290636
434322197
434433518
434457257
434492631
434895504
435001171
435218189
435482362
435525339
435889744
436359554
436796072
437046647
437116466
437180529
437951605
438296358
438485374
438507752
438537945
438638589
438792350
438865740
439140172
439493451
440106892
440458800
440934303
441145323
441252327
441767868
441971924
442357055
442366146
442482781
442767057
442982639
443145325
443155027
443286196
443491243
444311956
444788924
445080308
445546413
445834946
445968158
446058856
446340713
446648412
446703183
447053428
447267605
447272592
447315861
447395528
447680589
448703729
449089325
449228398
449378491
449420721
449508341
450099355
450238957
450395738
450573622
450956042
450967523
451042659
451163042
451516499
452456682
452573032
452703447
452825171
452867621
452888574
452947988
453048498
453298941
454333378
454416748
454580282
454806773
455252833
455371254
455590964
455843485
456139563
456339643
456575805
456651794
456748696
457615859
457676440
457880381
458757446
459522215
459541652
459834400
460082195
460362196
460467935
460552958
460654187
460674641
460686763
461012585
461152493
461273879
461722172
461780768
461851014
463079269
463480570
463778847
464415775
464661174
464837581
465550001
465864481
466647227
466747319
466942491
467704485
467847177
467963981
468431721
468519716
468703135
469262009
469348094
469543483
469834481
470332231
470503465
470558289
470591100
470593630
470631541
470796522
470949153
471398403
471690579
471990783
472131489
472184324
472562275
472576335
472713773
473144500
473431429
473442062
473891334
473903566
474612399
474613996
474960250
475122431
475295657
475645296
475745488
475777610
475853939
475952280
476131424
476152433
476153275
476453195
476492728
476564285
476667372
476967137
477127367
477171087
477223956
478034945
478307629
478326644
478633400
478705400
478841551
479834853
480032908
480298490
480708313
480832247
481387902
481762508
481907231
481928577
481969091
482417719
482841197
483332973
483689685
483732493
483989693
484238046
485511804
485560280
486006071
486222842
486235104
486363501
486577616
487053959
487073847
487105994
487191794
487223193
488663950
488873165
489001354
489005601
489523515
489692377
490549207
491705403
492067917
492469147
492586311
493649292
493886463
494220239
494613810
495375861
495401666
495749339
496060028
496216347
496612959
496987743
497905611
498119944
498387409
498617647
498777856
499150323
499429649
500037525
500173960
500257692
500474762
500618996
501252996
501560353
501659818
501772890
501830323
502278611
502386251
502390523
502774186
502781486
503458793
503615949
503885238
503967857
503984129
504038566
504569917
504760186
505185185
505193512
505492905
505593010
505631809
506959639
507578762
507611410
507857366
507906577
507946550
508472944
508909576
508918064
508976505
509643566
509887186
509940042
510080967
510574887
510770136
510906527
511117184
511583958
511658082
511702305
512056675
512976554
513453188
513912055
513937457
514620094
514722040
514820752
515530019
515607396
515814780
516266761
516677340
516816850
516935695
517244564
517408978
518260757
518434573
520223205
520716454
520982030
521035021
521322667
521595368
521740435
521802050
522066537
522359337
522971726
523437329
523465512
523782140
524133589
524135236
524305153
524581324
524688209
524872353
524897797
525829204
526446286
527337001
527532074
527622954
527793660
528433890
528806445
529195746
529235706
529302443
529531400
529695171
530130017
530406424
530498338
530788967
531352976
531585205
531900034
532495011
532646386
532670688
532844230
533424260
533499281
533803669
534186872
534230297
534706181
534947983
535286141
535297508
535589735
536359305
537322532
537794114
538026652
538128223
538776050
539847451
539942439
540111021
540232676
540383426
540836825
540846267
541027284
541110115
541279136
541417540
541639838
541787377
542090057
542106687
542314107
542537541
543066317
543324176
543326572
543678155
543755629
543785591
543906158
544048623
544617505
544899551
545032460
545042417
545343058
546389569
547407330
547449638
547772603
548233367
548348142
549387536
549495354
550046828
550101877
550245196
550692118
550804899
551008693
551201745
551291986
551672441
551836836
552473416
552604753
552812661
552910253
553160358
553574882
553746101
553918865
554290596
554430207
554472058
554567089
554602408
554725062
554841746
554938157
555218377
555319301
555985191
555996658
556462918
556707205
556939443
557686227
558349476
558410655
558581086
559301039
559382853
559412924
559436157
559473950
560268824
560307071
560318023
560413640
560711564
560890244
561006484
561717988
561783348
561812722
562390279
562395735
562402336
562478999
562887660
563436826
563918751
564003050
564325578
564633137
564739221
565306616
566112132
566288819
566369633
566417809
566586128
567022181
567254732
567304789
568008764
568062975
568122272
568275358
568388370
568534702
568637651
569115921
569229320
569654968
570073850
570240349
570840516
571647241
571825916
571865573
572132557
572255140
572276965
572561811
572660336
573120688
573177440
573363368
573556837
573666704
573715235
573912269
574486766
574596534
574620392
574682290
574690958
574788777
575575027
575705360
575938993
576184454
576279545
576556433
576724902
576994985
577418325
577718055
577721120
578037126
578187134
578467455
578716908
579059895
579068977
579952366
580048074
580268399
580508860
580744477
580895291
581539848
581544070
582152040
582187500
582482437
582513990
582972798
583274723
583571043
583887958
584008430
584251327
584401425
584522071
584710873
584892936
585733938
585990364
586235379
586903190
587833102
587992726
588219756
588279465
588695568
589130772
589306240
589513899
589988539
590079444
590105340
590335821
591313492
591564428
591644042
591776790
592095745
592456289
592561018
592962932
593114526
593209441
593443203
593642157
593740418
594769883
595154931
595311776
595371198
595747036
595930242
596170911
596516649
596727699
596769257
597010431
597141723
597272000
597322404
597848432
598048401
598171894
598527249
598564401
598845591
599184492
599300131
599529154
599534911
599893069
600028624
600206898
600243658
600766768
601385644
601698078
602182790
602297893
602569078
603123090
603386966
603570492
603591171
604263370
604303818
604507192
604665417
604765404
604832038
604969710
605539862
605624150
605894428
605908235
606193485
606199759
606600117
606733503
606765135
607382700
607500335
607774548
607967721
608034986
608112644
608113244
608340634
608413784
608427746
608580149
608959295
609372147
609416931
609446676
609707131
609946277
610009097
610120709
610486506
610506582
610515434
610564030
610645107
610670806
611111544
611336688
611416945
611761996
612203759
612353198
612548901
612816071
613197917
613393829
613703163
613932652
613950304
614064335
614340012
614718295
615419962
615755630
615935710
615952861
616716465
616734673
616757669
616916066
616992200
617409831
617869388
617876982
617909211
618250231
618411204
619054081
619175679
619290071
619480878
620089368
620145550
620529490
621421514
621734132
622197219
622597488
622782493
622838287
622858860
622993624
623380595
623678685
623804486
624064901
624486946
624549797
625032172
625040140
625288549
625315128
625321929
625728906
625843881
625938445
626250262
626276121
626717774
626870461
627051477
627200707
627510635
627992393
628175011
628257755
628414422
628573790
628846894
628966950
628974580
629190168
629490177
629580952
629593614
629872743
630387677
630634994
630668850
631207466
631340353
631418417
631518149
631596366
631704567
632381616
632565483
632621729
632651476
632730758
633108117
633295539
633938701
634172025
634296630
635550270
635654526
635723058
635725327
635905385
636453333
636600769
636750614
637172784
637438146
637760029
637840187
638253540
638422090
638462029
638823523
639138264
639286229
639624893
639761745
639806732
639854683
640170337
640272695
640481776
641321335
641450052
642112110
642548899
642661448
642663198
642949730
643520498
643762327
644210801
644730116
644817046
644834684
645803002
645933681
646478179
646755199
646824656
647149314
647248836
648031326
648440876
649022765
649162283
649296072
649709016
649760492
649785905
649830540
650076585
650994571
651574882
651675551
652061567
652701270
652942916
652996966
653265587
653377373
653448036
653468858
654435776
654829090
654844049
654887343
655027572
655035325
655154589
655224149
655495367
655858699
656184096
656241707
656478042
656498187
656527645
656541449
656635246
656951142
657103124
657262432
658698394
658787454
659067697
659239833
659347223
659373349
659639006
660038320
660064472
660260756
660343702
660420424
660651136
660916487
661084821
661299468
661362461
661761152
661955081
662739668
662919361
662981776
663080928
663091009
663568111
664353696
664423428
665204916
665228399
665636010
665676898
665680297
665728802
665947468
666231349
666554831
666992709
667250732
667416757
667674495
667748050
668170982
668455932
668794409
669161002
669411305
669475776
669679262
669908538
670372305
670752506
671067660
671068506
671294892
671581032
671735990
672032919
672139932
672466289
672563970
672655340
673365159
674062382
674209439
674402557
674426555
675161631
675365723
675518157
675575223
675644664
675910875
676314462
676902021
677157265
677654945
677870460
678006046
678800870
679895436
680007057
680326130
680466996
680476021
680503766
680634295
680687005
680691643
681195176
681545190
681692777
681928291
682085273
682367563
682736626
682900658
682974831
683213486
683309587
683673949
683932587
684259683
684677418
685622011
686518107
686730762
687506457
687776787
687926652
688323172
688622591
688852786
689034589
689155066
689442530
689630845
689710555
690075412
690127682
690367770
690471744
690492373
690815424
690918075
691449122
691451546
691635767
691639518
691643253
692064091
692458743
692713933
692786742
692842292
692981712
693485026
693550658
693866392
694830070
694860591
694887982
695258232
695466127
695748720
695991608
696253215
696779465
696947386
697054660
697496619
697517721
698312496
698374759
698487330
698636143
699045063
699219986
699460008
699776712
700108581
700217177
700287639
700313522
701062795
701475883
701539807
701807124
701943705
702022939
702622777
702833817
702943003
703550253
703571522
703835733
703955951
703964683
704365084
704572553
704841123
705178736
705632563
705651378
706043324
706701148
706740259
707056552
707134463
707184680
707255825
707746139
707900973
708302647
708403454
708436665
709163925
709393584
709606368
710058106
711089503
711645630
711845894
712268428
712633417
712786252
713258270
713355511
713475737
714330334
714481123
714636915
714710647
714880226
715159346
715207829
715577216
716334471
716462158
716898500
716952774
717032538
717226057
717293418
717295407
717807878
718152760
718264801
718500113
718930959
719346228
719506853
719650353
719885386
720024122
720185677
720273398
720591308
720936636
721428525
722060049
722308542
722454443
722633179
722844083
723578341
723705710
724025165
724148075
724916170
725138377
725362297
725663994
725868784
726277479
726371155
726764303
726956429
727671564
727843428
727856737
727918107
727952741
728120804
728149010
728671166
728970290
729290176
729568616
729972835
730199492
730418657
730441138
730832933
731190952
731563037
731571083
731812679
732360161
732853814
732940310
733053144
733163043
733327814
733450907
733628447
734575198
735001925
735079296
735169591
735194528
735551514
736017566
736034190
736077591
736214337
736491298
736581905
736709428
737518944
737582315
737654461
737703662
738076217
738110294
738393740
738394660
738647283
738909365
739000681
739068399
739273303
740033621
740759355
741160450
741957620
742811797
742853661
742949164
743131527
743768897
744161708
745425661
745520789
745598382
745693059
745790417
745792349
745897490
746283858
746349250
746926210
747040077
747844822
748349614
748515749
748806355
749217043
749241873
749698586
749757806
749963007
750003033
750159999
750167716
750547889
750621862
750679664
750829613
751002780
751062934
751148990
751378130
752064835
752143421
752327934
752392754
752704313
753554421
753732836
753744777
753779927
753959819
753999960
754963290
755526127
755594861
756098480
756898537
756915667
757001842
757950880
758179117
758781272
759007339
759592334
759726503
760243555
760281936
760313750
760481135
760682775
761250573
761855727
761865277
762924393
763148569
763187937
763360602
763447433
763794427
764324635
764756387
764851988
764892438
765326717
765417016
765530938
766146081
767066249
767110751
767125139
767405991
768794057
769304465
769615304
769759633
770361246
770571220
770833934
771151432
771358132
771476364
771893916
772634225
772954887
772970072
773058976
773319847
773446912
773506466
773595097
773748473
774044599
774318984
774404628
775056794
775428484
775473788
775496414
776088411
776532036
776544874
776624031
776808933
777134495
777210498
777288820
777483316
777635325
777720504
779289672
779451238
779664872
780172261
780238390
780295098
780695788
780821396
781098823
781459970
781485213
781804171
781882152
781999754
782091583
782280524
782436840
782648142
782806240
783175739
783368690
783387964
784051571
784639529
785252277
785550551
786039021
786910435
787086305
787189168
787660056
787689126
787897525
788014412
788380902
788513271
788986238
789065969
789243938
789366143
789373855
789376348
791251530
791321676
791455662
791698927
793039021
793256508
793891254
793895841
794027639
794123786
794292538
794452111
795519125
796425834
797073940
798027458
798340127
798418557
799560997
799878206
801979802
802205057
802491982
803590181
803602255
804046007
804289383
804723202
804765595
804817184
805251743
805613091
805750846
805816260
806119540
806176022
806517553
807444981
808665736
808808585
808851235
810015533
810411310
810713171
810821955
810882584
810998055
811507986
811742698
812247776
812282134
812426701
812718902
813080154
813274570
813465002
813511382
813592586
813823381
813908251
813920038
814634316
814887560
815209933
815320763
815754673
815774123
815983044
816504794
816976784
817049764
817213073
817482649
817572761
818084292
818128616
818150212
818194011
818982353
818984200
819485269
819599372
819626409
819827984
820042348
820097487
820388464
820432110
820697697
820965014
821066342
821115873
821319300
821375974
821687849
822262754
822304435
822514995
822890675
823025015
823089412
823098032
823796892
824272813
824700010
824722490
825039875
825051735
825726814
825791694
826047641
826620483
826782912
827092061
827336327
827385948
827524435
827592008
827723200
827946632
828321738
828388027
828585542
828984987
829197086
829570037
829724491
829774317
829878520
830365981
830496746
830539036
830992300
831083598
831099451
831220360
831545290
831661736
831768825
832077645
833195397
833215350
833245482
833469976
833488263
833639403
833949222
835022190
835342733
836040215
836208501
836802671
836997946
837277950
837626799
838139053
838177151
838549458
838733761
839425676
840019304
840048586
840536404
840700573
840714375
840735668
841148365
841365914
841585795
842198392
842493053
843886978
843993368
844169939
844320799
844400657
844462197
844967250
845207433
845299958
845318908
845394080
845563291
845571192
845630304
845636353
845716951
845954166
845997813
846162289
846164556
846621269
846667123
846811127
846930886
846942590
847228023
847302720
847344718
847472101
847915875
848096107
848520019
848626607
848857675
848934683
849394218
849399083
849552528
849580744
849725352
849876229
850377601
850382211
850598623
850612763
850952926
851164576
851445950
852087126
852539234
852803193
853101996
854155594
854428386
855103807
855191614
855320512
855459967
855636226
855843024
856196471
856363827
856374729
856669179
856979759
857300821
857490000
857746939
857756970
857962504
858504292
858721860
858829294
858983422
859031536
859310840
859484421
859563181
860144854
860422328
860516127
861021530
861109485
861543921
861701682
861746410
861798817
861838989
861853489
862140492
862292122
862372072
862558705
862875640
863043860
863617753
863967037
864101839
865033882
865036214
865144369
865845082
865945941
865987415
866000081
866355856
866360494
866396003
866596855
867107722
867874951
868272669
868423919
869439259
869470124
869635587
869813362
869921280
869940457
870305000
870376242
870701493
870923556
871328242
871418852
871700699
871812298
872285314
872358697
872666833
873199181
873524566
874412034
874545820
874799051
874960596
875218967
875242061
875335928
875470641
875638893
875641892
876085544
876855542
877062718
877068972
877565100
878051463
878273679
878777377
878786386
879683501
879795257
880074537
880346039
880492499
880944650
881049613
881865366
882160379
882263958
882802159
883109859
883555567
883799426
884167637
884412400
884661237
885420959
885799631
886086990
886386216
886872710
887077888
887658390
887665154
888017808
888482339
888830763
889023311
889537797
889575205
889804310
889829481
889947178
890060908
891066487
891252715
891342723
891363558
891528784
892066601
892335526
892430639
892705979
893051878
893244856
893623017
894429689
894519218
894600361
894617267
894661689
894869401
894964680
895610196
895873480
896073990
896172326
896236448
896306640
896551633
896870037
896925393
897534569
898152167
899058025
899334107
899542553
899633766
900104667
900205108
900553541
900874211
901211983
901540637
902411556
902736997
902863873
902919189
903409954
903633726
904251768
904279192
904930058
905039195
905241081
905894996
906183458
906423611
906889260
907712995
907895021
908518808
908681983
908835090
909002904
909197235
909443370
909448681
909676663
909850543
910053150
910210050
910300925
910450857
910492930
910858270
911165193
911539847
911759956
912078408
912163036
912194650
912669538
912802551
913454833
914453810
914500838
914544919
914600930
915163038
915256190
915664225
915711850
915736906
915804415
915892857
915989944
916018859
916237892
916250774
916768482
917104697
917305981
917609663
917679292
917957771
918258803
918386023
918483162
918502651
919121924
919191847
919655804
919785523
920670038
920703868
920992956
921376925
921661146
922018481
922265375
922587542
922757472
922802942
922883852
922932288
923775275
924200848
924264286
924279777
924839325
925203165
925473439
925988871
926228785
926231109
926315612
926411641
926440376
926585258
927203630
927376882
927454328
927495994
927535811
927612902
928140528
928189300
928219639
928494151
928682751
929452470
929465979
929588156
929765404
929962103
930104896
930334779
930353825
930644296
930772757
931336718
931489114
931513970
931525347
931706506
932026304
932062638
932862806
932874974
933084303
933110197
933366332
933596911
934392735
934491586
934618834
934657902
934660183
935962074
936060910
936621968
937370163
937477084
937495191
937558955
939288131
939819582
939882271
939964443
940022924
940218397
940443437
940472515
940599174
940694003
941117027
941690360
941727088
941804289
942024561
942481690
942581876
942724790
943003493
943116035
943190495
943327684
943410399
943471008
943679781
943947739
944216249
944442929
945117276
945229157
945359154
945877108
945891638
945972417
946638228
946710049
946855866
947346619
947691087
947867422
948377259
948432483
949378337
949784416
950138326
950148346
950390868
950615538
950777694
950881304
950955939
951186440
951426815
951788018
952062949
952617546
952754349
952768216
953161956
953197930
953433063
953443376
953534826
953583398
953691761
954233518
954296984
954515802
954696532
954771801
954784284
955701520
955769409
955798986
956134158
956297539
956428651
956774406
957426576
957747793
957873435
959112711
959162035
959171794
959200313
959343768
959372260
959658925
959970879
959997301
960188534
960709859
961135338
961415139
962033002
962764794
962928545
962980710
963920830
963964191
964255351
964263748
964445884
965421244
965620727
966071161
966488613
966491027
966618017
967108342
967513926
967632854
967681095
967905751
968217462
968338082
968487783
968642166
968890371
968922326
969069027
970034225
970090192
970403532
970782719
970925433
971343899
971529848
971899228
972058109
972125383
972605807
973294814
973365509
973387981
973521090
973594324
973914398
974255332
974423328
974571475
974806403
975402908
975886384
975960378
976012582
976350310
976668784
976714674
977415389
977648522
978053418
978128825
978220440
978587665
978610417
978701535
979015720
979575260
979577822
979601485
979629507
980356728
980690626
981064260
981208324
981303315
981393799
981512505
981725170
981766422
981914693
982275856
982906996
982908766
982936784
982945082
983228458
983614030
983631233
983650352
983690368
983827549
984048626
984124220
984210012
984313970
984483445
984498433
984953220
985433483
986478257
986894018
987059619
987106312
987231011
987235624
987323286
987359759
987489992
987519915
987706141
987987334
988180237
988308582
988506952
988714904
988992210
989200801
989230775
989241888
989352324
989492335
989806367
989833661
990178440
990217934
990526343
990892921
990982690
991039875
991241042
991505661
991742780
991810563
991901004
992028067
992055382
992209118
992232983
992277052
992576590
992865128
993077304
993165407
993683397
993967637
994159651
994320152
995097051
995234140
995706887
996774026
996879552
997191005
997276125
997517875
998562957
998713308
998898814
998994314
999038585
999337836
999357998
999416032

