372555
419805
1089438
1100545
1229904
2416949
2495425
3886059
4187516
4504234
6072641
6138722
6811972
6939507
7277217
7684930
7905771
8936987
9726312
10528946
10794583
10901063
11614769
11671338
12260289
12502954
12548159
12836610
12895151
13725218
14989683
16764524
17679567
19485054
21784812
22089159
22963858
23457753
25125849
25187190
25202362
25533459
25554010
26413173
27907669
29777560
30313563
30449291
31126087
31308902
32454154
32894977
33505236
33669086
34514500
34740865
34949299
35005211
35756851
36140795
37127828
37487770
37770478
38626924
38664370
39723618
40332871
40610537
40651434
42999170
43388777
44897763
45826607
46370347
46741222
47372231
51245830
51858969
53999932
57418418
57467587
58657199
59344234
59961393
60975266
61101360
61730690
63299708
63958031
64945486
65103348
65311705
66077375
67854538
69110699
69755936
70575321
70636429
70788355
73785404
74552805
76065818
76593093
77211388
77486715
78012497
78898506
81174232
82173109
84353895
84420925
86206725
87755422
88590930
89018456
89653714
93189435
94307398
95966189
96055805
96689772
100661313
101323875
101513929
102520059
103318776
104152274
104561852
104627321
105575579
105816539
106059479
106914653
107734713
108375482
108399134
110613202
111537764
111783898
112255763
112720090
112805732
113502215
113903881
114723506
114738097
114760235
114937732
116087764
117142618
118421993
118801173
119399015
120048829
120306710
122336503
124311574
124666328
125898167
126107205
126401947
129033333
129566413
130698571
130794395
131176229
131359211
131884850
134591281
135019593
135497281
135771559
136495343
137100237
137390358
137806862
137949908
139901474
140384172
141616124
142757034
143124030
143408282
143565421
144278050
144522535
145174067
146533149
147469841
149798315
150122846
150517567
151297278
151519934
152645729
155324914
155722604
155789224
156541312
157272379
158381494
159126505
159259470
159473059
160051528
162088421
164826621
165344818
168002245
168057522
172755590
174515334
175526309
176911340
180785147
181271232
184214677
184803526
186090428
186452551
186631626
188213258
189641421
190668363
192707556
194953865
195740084
197352298
199411898
200747796
201305624
201690613
202550399
204102747
204275569
204462951
204754116
207026272
207621703
209359415
210359231
212251746
213801961
213975407
215828993
216220853
216588711
217871137
217927335
219407971
219544266
221558440
223712350
226723382
231192379
231602422
232056856
233665123
235202254
235649157
235745791
237379107
238433452
238498976
238962600
239036029
240554603
241909610
242561041
242588954
242608872
242990415
243268139
243439214
244316437
245798898
246247255
250372661
250801052
251300606
253207672
255179497
255387090
255789528
257675105
260152959
260401255
260596963
262178224
262692685
264095060
265122573
265204346
266235189
267889618
269400346
269441500
269455306
270744729
270754552
271059426
272020127
272469786
272796157
273911899
275373743
276673168
277849958
278722862
279121308
280311131
280321648
280631491
281830857
282648518
282828202
285228804
286448566
287726651
287859999
289547084
289700723
290127955
291554098
292218004
292423943
294110991
294702567
295166342
296864819
297893529
298501962
298625210
302539390
303455736
304089172
304811783
305197314
307565984
308044878
309112297
309198987
309383303
312630443
312994984
314218593
315209188
315634022
317097467
318561886
319041805
324763920
326247643
327254586
328104339
328298285
329132133
329202900
330573317
332238283
332266748
333582338
335354340
335939811
336092622
336465782
337453826
337739299
337745691
338299904
338888228
341443181
343606042
343945053
344247686
344593499
345367818
346811305
349517445
350322227
350490027
350573793
351538839
351797369
352118606
352406219
353436873
356426808
356684278
358532290
358984857
359512183
360613073
362575055
364090032
364228444
364319529
364686248
365180540
369133069
369321801
369356620
369602726
370917955
370973813
371499336
371653516
372160269
372261796
373226340
374344043
375179334
376035217
376696776
376710097
378409503
378469911
380171692
380390179
382697713
384095820
384370888
385414639
386418627
387036159
387346491
387451659
388391521
388803074
389040743
389867269
390543437
392035568
392740049
394633074
395132002
395191309
395235128
395279207
395405989
396377017
396473730
396918184
398295499
400000569
402492972
402586708
402724286
402903177
402961682
404158660
404196431
404515797
406011017
407392292
407487131
409544918
409959708
410134047
410228794
410409117
411154259
411328205
411522957
411549676
412277685
412776091
413360099
414647625
414829150
415505363
415522325
417076376
420687483
421186593
424238335
424268980
425245975
426819080
427355115
428903682
430253414
431419379
431530126
431742587
432114613
433102829
433925857
434248626
434322197
434433518
435218189
435889744
437116466
438792350
439493451
441767868
442767057
445080308
446340713
446648412
447267605
447395528
448703729
449228398
450573622
450956042
452456682
452825171
452867621
452888574
454333378
455590964
460082195
460686763
463480570
464415775
467963981
468703135
469262009
469348094
469834481
470332231
470503465
470591100
470631541
471990783
472576335
472713773
473144500
473442062
474612399
474613996
476152433
476153275
476453195
476564285
476667372
477171087
478034945
480298490
481928577
483689685
484238046
485560280
486222842
487053959
488663950
489001354
491705403
492067917
494613810
496060028
496987743
498617647
498777856
500037525
500474762
500618996
501252996
501772890
502278611
502781486
503885238
503967857
504569917
505193512
507578762
510080967
511702305
513937457
515530019
516266761
520223205
520982030
521035021
521595368
524133589
524305153
524688209
524872353
525829204
527622954
528433890
528806445
529195746
530498338
532670688
534230297
537322532
539942439
540383426
541027284
543324176
543755629
544617505
545032460
548233367
548348142
550245196
551836836
552473416
552910253
553160358
554290596
555319301
555996658
559301039
559412924
561717988
562402336
564325578
566288819
566369633
567304789
569229320
570073850
572276965
572660336
573363368
576994985
577721120
579068977
580508860
581539848
582152040
583571043
584522071
584710873
585990364
586235379
586903190
588219756
590079444
590335821
593209441
595311776
596516649
597141723
597322404
600028624
601385644
603570492
603591171
604765404
605539862
605894428
605908235
606199759
608413784
609416931
610009097
610120709
610486506
610506582
610515434
615935710
617876982
617909211
619054081
619290071
620089368
620145550
622597488
623380595
624549797
625032172
626250262
626276121
627992393
628175011
628966950
628974580
629580952
629593614
630387677
630634994
630668850
631518149
631704567
632621729
632651476
633108117
633938701
635550270
635723058
635905385
638422090
639806732
640170337
642548899
645933681
646478179
646755199
647149314
648031326
649709016
649760492
653377373
653448036
653468858
654887343
655035325
655495367
655858699
656478042
659639006
660260756
660651136
661761152
661955081
662739668
662981776
663080928
664423428
665204916
665947468
669475776
669679262
669908538
670752506
671294892
671735990
672032919
672139932
672655340
675518157
675575223
676902021
677870460
679895436
680466996
681692777
682085273
687776787
687926652
690367770
691449122
694887982
695466127
695748720
696947386
697517721
699460008
700108581
703550253
703964683
704365084
705178736
706043324
707056552
707746139
707900973
708302647
709393584
711645630
711845894
712633417
713258270
714636915
714880226
716334471
717226057
719346228
719885386
722060049
722308542
725138377
726371155
726956429
730418657
733053144
733327814
733450907
734575198
735079296
736491298
737518944
737703662
738076217
738110294
738393740
738647283
738909365
739000681
739273303
740759355
745425661
745598382
745790417
745897490
746349250
747844822
748349614
748806355
749241873
749698586
750003033
750167716
751378130
752392754
756898537
756915667
760243555
760281936
760313750
761250573
763794427
765326717
766146081
767066249
771151432
772634225
772970072
773319847
774044599
775473788
776532036
776808933
777210498
777720504
779289672
780172261
780695788
780821396
781999754
782280524
782436840
783368690
784639529
785550551
786039021
787689126
787897525
788014412
789366143
789376348
791698927
795519125
797073940
799560997
799878206
801979802
802205057
803590181
804289383
805750846
811742698
812282134
813080154
813274570
814887560
815209933
816504794
820097487
820388464
820697697
821066342
822262754
822890675
823089412
823796892
824272813
826047641
826620483
827336327
828388027
830539036
831768825
833215350
841148365
841585795
843993368
844400657
845563291
846621269
846811127
846930886
846942590
847228023
849552528
850952926
855636226
856363827
856669179
857490000
857756970
857962504
858504292
858721860
859031536
859484421
860516127
861021530
861109485
861543921
862292122
862875640
864101839
866000081
867107722
869470124
870305000
873199181
873524566
874799051
875335928
875641892
876855542
877565100
882160379
884167637
884661237
885799631
886086990
887077888
887658390
887665154
889023311
889804310
889947178
891252715
892066601
892430639
894429689
894519218
896306640
899058025
900553541
905241081
907895021
908518808
909002904
909850543
910300925
910858270
911165193
911759956
914544919
915256190
915711850
916250774
917679292
918502651
927376882
927495994
927612902
928140528
930772757
931489114
931513970
932026304
932862806
933110197
934392735
936060910
937370163
937477084
937558955
939819582
939964443
941690360
941727088
941804289
943003493
943327684
943947739
945117276
947346619
950390868
950955939
951426815
952062949
953443376
953691761
954696532
956297539
957747793
959343768
959372260
959997301
960709859
962033002
964445884
965421244
967513926
967681095
968217462
968338082
970925433
971899228
972058109
973387981
973594324
974806403
975960378
977648522
979015720
980356728
981208324
981914693
982275856
982906996
982936784
982945082
983228458
983614030
983631233
983690368
984210012
985433483
986894018
987231011
987987334
988714904
989241888
989806367
990892921
991810563
992028067
992576590
993967637
995706887
998898814

