4096
804289383
846930886
681692777
714636915
957747793
424238335
719885386
649760492
596516649
189641421
25202362
350490027
783368690
102520059
44897763
967513926
365180540
540383426
304089172
303455736
35005211
521595368
294702567
726956429
336465782
861021530
278722862
233665123
145174067
468703135
101513929
801979802
315634022
635723058
369133069
125898167
59961393
89018456
628175011
656478042
131176229
653377373
859484421
914544919
608413784
756898537
734575198
973594324
149798315
38664370
129566413
184803526
412776091
424268980
911759956
749241873
137806862
42999170
982906996
135497281
511702305
84420925
937477084
827336327
572660336
159126505
805750846
632621729
100661313
433925857
141616124
84353895
939819582
1100545
998898814
548233367
610515434
585990364
374344043
760313750
477171087
356426808
945117276
889947178
780695788
709393584
491705403
918502651
752392754
474612399
53999932
264095060
411549676
843993368
943947739
984210012
855636226
749698586
469348094
956297539
36140795
463480570
40651434
975960378
317097467
892066601
376710097
927612902
330573317
603570492
687926652
660260756
959997301
485560280
402724286
593209441
194953865
894429689
364228444
947346619
221558440
270744729
63958031
633108117
114738097
7905771
469834481
822890675
610120709
791698927
631704567
498777856
255179497
524872353
327254586
572276965
269455306
703964683
352406219
600028624
160051528
40332871
112805732
120048829
378409503
515530019
713258270
573363368
409959708
77486715
373226340
631518149
200747796
289700723
117142618
168002245
150122846
439493451
990892921
760243555
231192379
622597488
111537764
338888228
147469841
438792350
911165193
269441500
142757034
116087764
869470124
155324914
8936987
982275856
275373743
387346491
350322227
841148365
960709859
760281936
771151432
186452551
244316437
971899228
476153275
213975407
139901474
626276121
653468858
130794395
239036029
884661237
605908235
350573793
76065818
605894428
789366143
987231011
875335928
784639529
103318776
597322404
939964443
112255763
432114613
67854538
352118606
782436840
909002904
165344818
395235128
532670688
351797369
492067917
504569917
680466996
706043324
496987743
159259470
359512183
480298490
398295499
96689772
86206725
601385644
172755590
544617505
243268139
12502954
272469786
27907669
968338082
722308542
820388464
933110197
6939507
740759355
285228804
789376348
502278611
450573622
37127828
34949299
654887343
529195746
392035568
335354340
87755422
889023311
494613810
447267605
369321801
745425661
396473730
308044878
346811305
569229320
705178736
590079444
434248626
977648522
470503465
402586708
552473416
143408282
188213258
559412924
884167637
473442062
201305624
238962600
776532036
238433452
273911899
431419379
620145550
665947468
619290071
707900973
407487131
113903881
7684930
776808933
711845894
404158660
937370163
58657199
973387981
642548899
501252996
260152959
472713773
824272813
662739668
25187190
967681095
850952926
437116466
704365084
176911340
638422090
943327684
953443376
876855542
69755936
237379107
349517445
588219756
856669179
57418418
995706887
823089412
65103348
625032172
387451659
469262009
562402336
298625210
295166342
57467587
799878206
555319301
382697713
476667372
70575321
260401255
296864819
774044599
697517721
1229904
950955939
335939811
797073940
756915667
65311705
719346228
846811127
414829150
307565984
555996658
324763920
155789224
231602422
389867269
780821396
619054081
711645630
195740084
917679292
6811972
253207672
570073850
414647625
635905385
46741222
337739299
896306640
343606042
111783898
446340713
197352298
915256190
782280524
846942590
524688209
700108581
566288819
371499336
114937732
726371155
927495994
292218004
882160379
11614769
682085273
662981776
630668850
246247255
858721860
548348142
105575579
964445884
118421993
520223205
452867621
17679567
857962504
201690613
213801961
822262754
648031326
411154259
737518944
282828202
110613202
114723506
982936784
676902021
486222842
950390868
255789528
266235189
242608872
137949908
277849958
777210498
653448036
908518808
23457753
364686248
309383303
129033333
329132133
280321648
501772890
781999754
150517567
212251746
983690368
364319529
34514500
484238046
775473788
624549797
767066249
886086990
739273303
750003033
415505363
78012497
552910253
671294892
344247686
795519125
661761152
474613996
425245975
315209188
235649157
448703729
679895436
545032460
430253414
861543921
677870460
932026304
496060028
828388027
144278050
332266748
192707556
31308902
816504794
820697697
655858699
583571043
559301039
395132002
186090428
974806403
473144500
739000681
498617647
669908538
387036159
12895151
144522535
812282134
328104339
380171692
113502215
860516127
777720504
543755629
722060049
455590964
328298285
70636429
136495343
472576335
402903177
329202900
503885238
219407971
2416949
12260289
655495367
561717988
407392292
841585795
389040743
733053144
433102829
887658390
402961682
672655340
900553541
400000569
337453826
81174232
780172261
450956042
941690360
410409117
847228023
516266761
866000081
175526309
586903190
2495425
500618996
989806367
184214677
4504234
61730690
186631626
16764524
717226057
748349614
276673168
411328205
137390358
9726312
696947386
877565100
265204346
369602726
630634994
665204916
707056552
564325578
297893529
10528946
358532290
708302647
857756970
874799051
426819080
885799631
314218593
281830857
386418627
156541312
318561886
243439214
70788355
505193512
112720090
788014412
106059479
241909610
51858969
95966189
104152274
748806355
826047641
369356620
970925433
309198987
887077888
530498338
873524566
37487770
541027284
232056856
745790417
251300606
959372260
25125849
137100237
126107205
159473059
376035217
282648518
478034945
471990783
353436873
983228458
584710873
993967637
941804289
826620483
45826607
37770478
930772757
647149314
716334471
152645729
470591100
25533459
39723618
1089438
899058025
77211388
394633074
983631233
675518157
645933681
943003493
553160358
635550270
69110699
712633417
864101839
204275569
190668363
336092622
410228794
26413173
773319847
404196431
968217462
452456682
302539390
858504292
235745791
802205057
427355115
388391521
272796157
452888574
280631491
126401947
204462951
210359231
521035021
40610537
738393740
19485054
983614030
291554098
655035325
905241081
4187516
371653516
962033002
47372231
707746139
372261796
73785404
333582338
628974580
894519218
786039021
931513970
605539862
21784812
586235379
32894977
262692685
859031536
338299904
543324176
985433483
395279207
606199759
358984857
435889744
344593499
378469911
272020127
488663950
33505236
29777560
345367818
257675105
991810563
392740049
965421244
216588711
319041805
151519934
845563291
66077375
937558955
629593614
524133589
959343768
215828993
409544918
74552805
927376882
747844822
617876982
765326717
143124030
76593093
124311574
431530126
421186593
502781486
703550253
909850543
388803074
733327814
107734713
646478179
725138377
500474762
464415775
941727088
672032919
615935710
639806732
738110294
406011017
269400346
114760235
217871137
337745691
524305153
292423943
265122573
124666328
910300925
30449291
120306710
986894018
7277217
551836836
260596963
362575055
255387090
22963858
751378130
988714904
130698571
250372661
566369633
483689685
567304789
360613073
155722604
35756851
419805
746349250
441767868
122336503
861109485
659639006
460082195
385414639
952062949
577721120
510080967
714880226
460686763
630387677
554290596
467963981
34740865
814887560
830539036
290127955
690367770
434433518
131359211
821066342
537322532
550245196
157272379
104627321
910858270
312994984
140384172
763794427
59344234
582152040
738647283
772970072
94307398
51245830
10901063
46370347
628966950
520982030
761250573
89653714
3886059
168057522
410134047
38626924
982945082
93189435
181271232
525829204
527622954
312630443
199411898
64945486
862875640
356684278
22089159
626250262
669679262
14989683
242561041
581539848
597141723
981208324
207026272
691449122
32454154
217927335
590335821
513937457
738909365
204102747
603591171
595311776
372160269
13725218
633938701
207621703
106914653
815209933
733450907
487053959
980356728
932862806
404515797
695748720
289547084
279121308
174515334
811742698
294110991
417076376
245798898
891252715
250801052
452825171
435218189
135771559
670752506
25554010
649709016
262178224
82173109
105816539
857490000
454333378
972058109
343945053
661955081
931489114
11671338
395405989
271059426
992028067
180785147
675575223
687776787
470332231
954696532
862292122
134591281
101323875
131884850
380390179
992576590
235202254
833215350
280311131
370973813
503967857
158381494
873199181
766146081
240554603
979015720
476152433
694887982
803590181
820097487
209359415
735079296
831768825
604765404
6138722
823796892
785550551
534230297
364090032
108399134
341443181
78898506
242990415
442767057
63299708
623380595
287859999
298501962
309112297
420687483
669475776
813080154
579068977
395191309
431742587
672139932
226723382
907895021
219544266
30313563
580508860
428903682
617909211
412277685
33669086
476564285
88590930
671735990
10794583
305197314
632651476
204754116
384095820
875641892
500037525
447395528
351538839
787897525
745897490
660651136
61101360
267889618
326247643
640170337
663080928
610506582
164826621
889804310
370917955
384370888
772634225
951426815
813274570
390543437
216220853
699460008
867107722
304811783
223712350
730418657
610009097
856363827
787689126
846621269
584522071
287726651
146533149
936060910
928140528
892430639
449228398
989241888
12836610
627992393
481928577
528433890
238498976
646755199
270754552
609416931
31126087
43388777
413360099
844400657
286448566
629580952
396377017
6072641
934392735
620089368
736491298
396918184
476453195
376696776
96055805
60975266
664423428
242588954
849552528
445080308
135019593
151297278
434322197
372555
779289672
916250774
528806445
870305000
415522325
799560997
332238283
446648412
695466127
745598382
143565421
981914693
375179334
539942439
987987334
162088421
12548159
576994985
411522957
489001354
953691761
507578762
402492972
470631541
750167716
104561852
915711850
737703662
108375482
202550399
738076217
887665154
118801173
119399015
610486506
386839851
771476364
942724790
833488263
466942491
688323172
829570037
301373537
916018859
222028828
289360871
78107280
234576987
866355856
342146590
723578341
672563970
849725352
978587665
143195511
599893069
83149517
58907361
190113083
44041351
113974112
928189300
931706506
85291638
900104667
394709364
472131489
671581032
337434154
158136104
991039875
878273679
987706141
292413412
794292538
209734969
434290636
724916170
444311956
153162844
67062760
20406649
825726814
769304465
998994314
968922326
221713886
934660183
880346039
411826969
978701535
994320152
192532621
762924393
79611790
92637289
10150109
404259631
616734673
347584264
562395735
607774548
78374295
550101877
752704313
872666833
612353198
186994949
450099355
56665155
340157793
369678468
929588156
18400960
138982933
781098823
987323286
213213171
568275358
720185677
625040140
399493245
567022181
817572761
14933990
499150323
910210050
25084100
903409954
379461075
372668364
318322042
987235624
451042659
868423919
592456289
176225844
333293469
779451238
478841551
242474976
972125383
848520019
172063133
990526343
840019304
953161956
830365981
53232475
373953666
403068011
530788967
773446912
970090192
348361729
788380902
321756868
111088131
813465002
77683174
490549207
38649718
396005216
330301183
489692377
116945487
922757472
518434573
450238957
554725062
997276125
692713933
379366797
698312496
717293418
369893141
390848153
522971726
52775474
296596980
896925393
455843485
827385948
670372305
278450030
28264029
311269559
600206898
139352160
124734562
530406424
482417719
163384280
926411641
812718902
505593010
895873480
587992726
24027583
198628789
995234140
21303708
891342723
374600938
572132557
461152493
597010431
962980710
984124220
649785905
259577690
881049613
105629391
86963638
403938270
384079421
115227667
715207829
836802671
107096180
692458743
367209095
589513899
855843024
146137088
254749154
213952386
42010569
695258232
237979969
93155710
690492373
111800030
984498433
917609663
683932587
298167279
514620094
499429649
282291499
16922351
759007339
15857464
122551742
698487330
272312086
359147515
666231349
987519915
195950186
625843881
532495011
415675634
67874133
240854387
561812722
322623287
454806773
456339643
17881519
692786742
549495354
560890244
657103124
386510139
331016259
193552063
684677418
845636353
692981712
819485269
862558705
304505404
835342733
837626799
2992734
107654819
196774315
521740435
947691087
245240853
100669
332702450
660916487
67974802
573556837
75245562
390598089
28363610
531585205
260995960
573666704
933596911
674402557
230769829
172623403
5418816
424321892
857300821
703571522
117303605
529302443
418646579
274325361
217161528
256273378
129834447
177332700
305564045
651574882
125023787
550804899
651675551
310242589
211721386
719650353
883799426
286966948
962764794
912163036
671068506
76277107
338346092
604665417
750679664
569115921
777288820
756098480
845954166
487105994
312186354
815774123
16408437
730832933
90099484
86086317
987106312
219933931
263419017
145186709
724025165
240959156
695991608
228217069
551201745
907712995
947867422
435001171
47196295
763148569
199680559
718264801
839425676
538026652
175446571
590105340
959658925
805251743
198720172
805613091
144874089
510906527
473903566
13798878
94255812
564003050
99885196
81362124
636453333
363304213
79065186
360478499
604263370
775056794
588695568
155465115
535286141
389079342
442982639
582482437
4744263
642663198
153263590
844169939
33206202
181226513
286791631
992865128
986478257
485511804
650994571
131352346
848934683
124898138
145151225
943190495
541417540
245036421
877068972
30387226
608340634
956134158
390865725
65120356
731190952
832077645
220585472
118993446
73673339
663568111
701475883
78417603
158747661
707255825
922587542
44470216
888482339
209379174
37335344
874960596
547407330
540846267
858829294
396342013
518260757
3980519
192048860
912194650
101533292
69117832
942581876
562390279
25251990
185963953
627510635
608959295
18041598
848096107
727952741
91714937
364180570
281944976
170132540
375444584
989200801
92720083
419914800
730199492
154615609
309766496
457676440
702022939
850612763
316505735
950881304
221389873
173002606
142930164
133584523
127052251
64564349
928682751
689442530
89816339
114646704
316953165
551291986
132688302
17565625
131761079
76919591
234262547
266222407
99568484
609707131
107939561
44804919
29621931
838139053
199420528
339388427
295815494
753959819
42517543
464837581
704841123
116423768
637840187
700287639
102524643
764892438
764851988
31207394
306851320
707184680
145854098
623804486
110993018
131058752
493886463
242754098
60494695
728149010
508976505
160063179
337856142
616916066
204868098
219994425
307571472
256804978
559382853
603386966
10764797
454416748
68224547
568122272
570840516
558581086
268409912
673365159
175989877
33261900
704572553
482841197
592962932
702943003
959162035
703955951
686518107
453048498
946710049
599529154
33713861
308202906
759592334
371570003
777635325
816976784
591564428
85206797
73781763
3463633
541110115
84546560
457880381
461851014
505185185
28720897
20432100
773595097
554602408
48938329
659373349
111691313
384295879
104852634
814634316
343457914
808808585
353668775
649022765
608034986
953197930
682736626
916237892
565306616
54306629
546389569
234799752
498387409
631596366
308581515
354367395
25222833
245644428
812247776
487073847
750829613
693485026
360022300
376941062
100603786
408960629
888830763
212295100
793256508
993683397
26929416
989230775
802491982
233114544
638253540
263043320
38828826
173506518
31797565
456651794
80329499
578187134
691451546
578716908
62299853
33062
933084303
87522686
98193842
597848432
574596534
701539807
143849810
934618834
78480869
244453596
196095815
819827984
456748696
989352324
813511382
336194465
831099451
468519716
421825361
321869343
731563037
460654187
495375861
763360602
917305981
575705360
194064088
461273879
6938620
256363941
313823293
940022924
343886628
412017135
390387708
918483162
113556942
386753870
853101996
44554163
631207466
49197811
716898500
940472515
891066487
382926234
129183332
574682290
851445950
551008693
896551633
435525339
11662880
391927494
51402293
781485213
967632854
245466382
95275444
974571475
501830323
409098738
767110751
845716951
821115873
10014811
616716465
787189168
396768681
322334813
684259683
880492499
224048977
253674535
820965014
115115464
636600769
950148346
542314107
340563072
353673391
438865740
776088411
217852623
683309587
680007057
999337836
503458793
925473439
94613281
330546620
279820114
356228371
97657371
978053418
29860596
960188534
594769883
817049764
209473567
917104697
353825800
89966067
141153674
607500335
763447433
108785490
96617457
566112132
503615949
437180529
919785523
942481690
65785292
137638147
478307629
745792349
989492335
981766422
523782140
936621968
312313043
803602255
292850339
262486766
634172025
322710936
75191653
81458260
992277052
284665220
998562957
198619204
374631287
992232983
806119540
138078721
953534826
902736997
556707205
309667127
192433878
476492728
104665169
258219170
466647227
582972798
4011520
456139563
564739221
527793660
245277883
729568616
183912267
538128223
992055382
818084292
713355511
67247035
899542553
705632563
204428608
750621862
904251768
579059895
595371198
562887660
569654968
401422376
318141009
126362173
711089503
510574887
455371254
815754673
768794057
922018481
251243823
625321929
230674396
815983044
5631942
475952280
398068012
189544209
866596855
242639747
860144854
579952366
162403134
612203759
138101281
366831742
215341973
894869401
945891638
810713171
310273413
368062958
64651899
628414422
346941484
628257755
991505661
654829090
296528780
612816071
429363923
547772603
238138000
660038320
216272000
243769942
988506952
614340012
285830504
855103807
856979759
145975358
287572525
19382894
758179117
278190158
386214636
973521090
173059560
184622626
636750614
483332973
405201937
553918865
964263748
752143421
182176620
955769409
259488863
478705400
421101832
688852786
26478004
659239833
201407458
95266356
755526127
189914410
709606368
41356631
897534569
566586128
39848341
37623446
438485374
798027458
315813605
824700010
624064901
488873165
861838989
113331867
824722490
267040926
667250732
788986238
871700699
701943705
597272000
131189562
33165457
18373832
820042348
59643461
530130017
21449807
7426169
138172497
63880569
717032538
179529128
961415139
136135018
219377470
999038585
574620392
869921280
167368542
251836754
346502533
656241707
113675743
459834400
333480550
233233021
979601485
122466788
104933720
681545190
572255140
88639634
714710647
443145325
908681983
626870461
825791694
782648142
634296630
963964191
699045063
203845520
143493320
512976554
339980538
215387142
364531492
914600930
85308422
531900034
166437685
284327308
40658094
132629780
744161708
374138644
365862802
576279545
349121784
470796522
110341087
921376925
559436157
825051735
217038602
320634492
304438548
42830296
955798986
791251530
859310840
654844049
995097051
855320512
20336956
335077589
70707654
384868448
102194872
8532428
916768482
268632557
145376088
957426576
401262337
889537797
331565220
767125139
318333694
680687005
90438014
428674782
454580282
502390523
106242869
524135236
823025015
410681417
419481884
631340353
54449299
278792724
138700754
49546350
134113236
159037710
237140292
57337242
543906158
339335164
918386023
460674641
607967721
63762111
270617569
861746410
805816260
602182790
481387902
124149955
135386147
571825916
405341089
442482781
74216439
511583958
966618017
749757806
922265375
386099901
233614511
976714674
517408978
372315265
878777377
504038566
531352976
115917669
413892161
75259134
455252833
184794536
388450127
915736906
101072999
659067697
777483316
906889260
113766839
111387570
883555567
249152986
683213486
141413008
691635767
609946277
652996966
510770136
212220435
427778693
896870037
445834946
257009719
266795367
818150212
135787096
770833934
202019540
104221117
184726095
277278674
559473950
369520631
665728802
327727208
470593630
177312851
105210525
229999242
291079690
69114447
966071161
540232676
752327934
107484169
84384795
214790563
760481135
595154931
279527351
40776180
344541320
725362297
297785900
611336688
396028861
433572996
234686974
598048401
537794114
419413069
727843428
949784416
641450052
246088582
277511625
112043682
423401433
235238502
194559277
714481123
304352949
13146790
107230151
909197235
120630960
191614946
123987799
733628447
639286229
256031502
774404628
983827549
981393799
72190528
447680589
229939013
358279876
682367563
680503766
896073990
954296984
408347194
698374759
595747036
654435776
975886384
560307071
77837209
63641238
607382700
644834684
220510539
620529490
752064835
129707775
741160450
943679781
106211926
327305250
435482362
362243428
101709878
271826264
196153579
26416758
719506853
278608944
384696634
254390769
959112711
133286977
61204105
219976257
831661736
656951142
874412034
660064472
69774565
804765595
723705710
677157265
302116632
944216249
150203107
54181467
926440376
891363558
850377601
32652302
71185160
285859963
247412082
172895038
557686227
296082014
199311796
129709433
574690958
584008430
236616554
533803669
717295407
297820659
753779927
401473495
954771801
480708313
61537967
877062718
137990260
637760029
406736335
440106892
434492631
556939443
346804712
360933007
300819353
197182313
246101662
372004513
335558628
346030096
544899551
893244856
642112110
596727699
875470641
216803069
33252481
112087195
603123090
750547889
409907854
209419369
4537736
217196008
690127682
66075704
94258726
680634295
703835733
353511414
120741187
138328364
910450857
320062251
351777724
211270210
517244564
450395738
583274723
852803193
796425834
980690626
598564401
438537945
577418325
326551394
507857366
610670806
438638589
110980456
213735047
701062795
320399826
218272784
918258803
863043860
136864840
865033882
543678155
840700573
71061648
516935695
831545290
981512505
836997946
35839366
45299067
206758863
486235104
628573790
912078408
135177290
461780768
363159161
573715235
39199093
689710555
81572601
502386251
128349144
45069410
568637651
681928291
217985588
786910435
452703447
81029448
923775275
170253681
477223956
616992200
241315329
994159651
301053842
222827834
683673949
189409560
268126901
742949164
675644664
749217043
655027572
810821955
210997811
18186733
237053542
102713256
560413640
171142496
457615859
541279136
68728258
26253510
223207428
286713846
665680297
675910875
367743294
441971924
846164556
844967250
58964125
87479885
691643253
212534319
162824071
227833555
401943880
283467324
970782719
930104896
32684367
478326644
593443203
96198530
349029729
830496746
198911786
909443370
854155594
656527645
303238858
922883852
535297508
526446286
209597698
200977805
54873513
429857344
642949730
753554421
127340947
554430207
693550658
818984200
619480878
856374729
899334107
21424758
139842053
722633179
804046007
25042772
53476175
397489210
121241302
402505904
80502308
172669440
164465626
934657902
829197086
467704485
710058106
217010946
846667123
919655804
417988751
901540637
202029501
913454833
507611410
329370448
320401392
201162069
871000
939882271
910053150
900205108
813823381
902411556
622838287
617869388
927454328
676314462
867874951
901211983
931336718
948377259
73881423
95802345
735551514
755594861
416023182
298125972
972605807
115206657
70298129
243110911
16747294
272327630
156565744
376875057
601698078
476967137
578037126
602569078
269365760
340606628
502774186
83189141
243018184
978128825
553574882
22988865
506959639
421449833
924200848
438296358
222343444
850598623
386615055
810411310
606193485
655154589
108537283
431315644
770361246
178835412
674426555
639624893
451163042
830992300
16499950
52861120
160475789
447053428
507946550
429841549
787660056
10720737
365547042
30678241
841365914
919121924
906183458
348325554
193088109
682900658
639138264
415431554
533499281
25753319
78359216
992209118
533424260
186896499
423524763
303785506
218248263
97951318
943410399
669411305
781459970
812426701
574788777
794452111
259480129
82735328
76810012
47140186
945972417
442357055
930334779
639854683
361478979
689034589
988180237
554567089
371935247
479834853
822514995
757950880
358104524
900874211
750159999
891528784
87770711
26201114
47830643
158535326
976668784
991241042
827946632
610645107
656184096
255251761
405097218
915664225
190503441
481907231
815320763
988992210
924264286
598171894
628846894
138259617
139722835
469543483
545343058
511658082
949378337
367858053
122125315
159999213
121248617
872285314
51527998
61535680
751002780
99358641
220071006
727671564
943116035
48017638
190833023
599300131
155785752
595930242
367480709
198805545
930353825
35317824
187797756
707134463
486006071
669161002
845394080
625728906
138704485
243253491
137386989
940599174
611111544
112028656
100598388
732360161
984313970
4642738
793895841
587833102
104001379
13966848
168021018
899633766
914500838
358854042
351450250
922802942
954784284
718930959
121608488
737654461
606765135
161922596
444788924
92771206
831083598
142699356
718500113
822304435
385952847
708403454
615419962
849580744
820432110
568534702
434457257
657262432
573177440
80869451
97611886
529695171
94836299
265632904
281845289
861853489
624486946
633295539
637172784
431787582
204742850
758781272
169442043
811507986
920703868
466747319
904279192
604303818
609446676
475295657
426608253
847915875
36215463
42028215
697496619
709163925
463079269
131953877
218942709
36256709
65339680
316554595
418468232
12692331
582187500
700313522
874545820
206674446
186125413
364234956
638462029
390868264
123016228
660420424
202376250
896236448
127167744
959171794
353056618
589130772
286983804
779664872
437046647
323199267
674209439
987059619
32363193
137288709
971529848
103822254
26061770
36869528
420376850
297046355
49561859
2564350
849876229
776624031
61755148
36001642
140858988
700217177
426869906
116391568
213153954
481762508
865144369
340321698
440934303
218200987
929452470
727918107
850382211
219015469
903633726
377108003
58591440
788513271
366913064
30121288
892335526
245491186
66990816
312712376
542537541
969069027
167793078
244930122
745693059
229548226
280931765
739068399
929765404
560318023
855459967
142919358
42080532
573120688
335757408
335531187
791321676
117726230
63449294
494220239
189258051
819599372
871328242
247849492
608112644
238241306
277970780
352964522
483732493
197477949
665676898
878786386
19063328
833469976
123716509
764756387
63018202
257164626
356341138
845299958
817482649
64317458
840735668
859563181
637438146
29009428
47610720
281276174
146735658
111060014
775496414
188510062
783175739
646824656
436359554
243804735
737582315
714330334
596769257
73831160
764324635
114962507
952617546
783387964
948432483
76334055
400660703
863967037
186015033
757001842
561783348
3497683
821319300
255035368
715577216
458757446
136561149
763187937
740033621
135813159
726764303
368046387
324323221
509940042
14871043
760682775
753744777
604969710
327529462
203030386
678800870
91854097
317992893
631418417
875242061
118941728
560268824
128419117
982908766
746283858
885420959
397208466
602297893
706740259
504760186
317875109
18014057
641321335
81063046
610564030
777134495
660343702
978610417
101457716
22800096
845997813
862140492
776544874
450967523
42186306
979575260
129768394
134040403
150084506
613703163
861798817
269026234
26488339
990217934
104451352
625288549
875638893
501659818
227586442
434895504
6420005
397977904
305425913
500257692
331557302
915989944
277392187
991901004
894600361
231366256
14701101
593114526
93506748
643762327
44082050
135693054
475853939
26366796
122249809
625938445
492586311
984048626
894964680
371591002
826782912
999416032
996879552
554938157
353592203
76982346
989833661
212528560
474960250
147775927
712786252
806517553
63765871
990178440
798418557
810882584
74061048
665636010
403997111
20084148
309398337
300595513
8293554
785252277
179478661
130543363
263707074
524581324
967108342
158671754
896172326
793891254
10604139
893051878
201345764
364196342
970034225
43695777
576724902
297510827
191471704
289511154
104028380
255237575
132205946
754963290
66120160
206266994
420599300
322633623
226351142
582513990
475745488
234644696
220282619
655224149
217704412
483989693
32321825
184812754
642661448
928494151
831220360
653265587
674062382
32566124
17461929
496612959
76261902
446703183
794123786
267733606
736214337
898152167
375487534
720936636
505631809
294124046
927203630
926231109
616757669
6071125
361261451
92503157
93232173
581544070
600243658
310936585
65533764
632565483
495749339
560711564
413575986
179486052
66493503
87638368
212052176
83955432
584251327
140830430
383174967
230891466
408564037
119389304
129043633
784051571
692842292
487191794
78175617
472562275
265939255
547449638
478633400
627200707
492469147
571865573
208744777
945229157
882802159
126794893
430310992
231067850
687506457
843886978
410553902
753999960
931525347
475122431
690471744
368293026
615952861
73646711
599184492
24516898
45552368
580744477
661084821
738394660
67936271
591776790
63473287
186391879
991742780
542106687
813592586
336728279
966488613
22337363
281957436
701807124
1648609
712268428
932874974
689155066
408671759
195945229
443155027
192713458
671067660
133626771
561006484
139536873
59789835
12707329
16570124
105342203
445968158
677654945
696253215
366420782
121948088
759726503
552812661
113690868
154349542
366405247
302935500
120838155
241258962
584892936
675161631
242907571
149677717
460552958
932062638
558349476
656498187
227734017
751062934
180082199
213877140
164585770
319619072
126183327
29809451
336189196
84041882
475777610
866360494
780295098
842198392
988308582
392537953
395011053
954515802
399403847
613932652
109967654
372758355
855191614
694860591
47919986
950615538
697054660
508472944
735194528
107920488
17487483
962928545
858983422
50086034
29322037
876085544
369705107
155505365
905894996
558410655
239547247
381672606
424771149
872358697
76387350
265596083
117413002
471398403
72628238
516816850
85331055
182595892
889575205
793039021
729972835
937495191
596170911
427027495
298484488
331365439
534947983
168488323
146810336
246447757
218574358
28648726
122533302
588279465
184154091
880944650
146690120
276217690
115133608
423977622
148576388
191520958
542090057
265989390
662919361
614718295
782806240
600766768
649830540
524897797
246322141
379803375
314909341
842493053
659347223
613393829
26374844
46811558
781882152
25701533
293259316
456510
54350259
268308970
441252327
238504350
1769972
440458800
514722040
116903580
716952774
515814780
308424538
259042831
781804171
971343899
726277479
417126763
424627019
376108019
942024561
523465512
608427746
109450254
218474917
267774969
722844083
244849762
314586528
357242587
270551295
460362196
210215450
324901554
728671166
503984129
415922256
730441138
944442929
930644296
847344718
513912055
298975429
8285608
772954887
80779600
979629507
351748718
350422715
256772878
727856737
144963628
780238390
188800835
254413882
998713308
456575805
829774317
96079422
623678685
39533257
219147069
84040881
249748707
544048623
665228399
753732836
959970879
248185889
550692118
743131527
95530607
64604173
42106956
103816215
690075412
975402908
935962074
41824130
178341976
45251304
622197219
175821956
678006046
810998055
430235839
529235706
120090212
112526508
625315128
743768897
152059765
844462197
680326130
401808472
241027172
345554529
8057661
53514403
593740418
411266131
649162283
541787377
328386656
543785591
498119944
18462069
371704852
286598370
912802551
550046828
184366026
387516123
725868784
862372072
51030530
8620975
391607779
23637094
121147484
869439259
767405991
273207249
566417809
300248473
527532074
807444981
645803002
535589735
713475737
92059772
946855866
362638020
486363501
127758874
906423611
984483445
146220943
130644815
123598167
911539847
680691643
307964193
151572322
259076780
22852617
55119204
120214107
414460396
78756298
241361591
136416008
846162289
367085193
702833817
146410762
894617267
362795150
644730116
282723354
76270887
589306240
82095572
291425259
75669741
209854446
50365223
912669538
208591742
181010038
36267705
120131589
861701682
196748250
124220263
973294814
219600867
179339467
93508921
486577616
258095765
187386865
622993624
956774406
554472058
325827441
955701520
449089325
688622591
452947988
731812679
617409831
42254228
813908251
908835090
117923969
23762697
959200313
883109859
84870791
140210352
771893916
57518732
854428386
968642166
181738995
827723200
40759385
213594814
773748473
527337001
471690579
961135338
2846977
280981337
515607396
328674418
236682857
817213073
869813362
689630845
401542104
487223193
584401425
67966707
248574635
554841746
91729405
207774949
437951605
29116548
200501653
62361873
86635281
54930039
31004039
268374276
735169591
924279777
481969091
508918064
304133130
806176022
322569755
306980108
87157360
838177151
635654526
176356569
507906577
357984240
865987415
909448681
845207433
302905192
977415389
93782069
857746939
921661146
154073370
148214896
950777694
354575023
210576770
37412975
262021414
94097161
158303604
997191005
18376938
640272695
358625421
322510069
298965069
681195176
629490177
386122429
371888680
117661055
562478999
879795257
475645296
280982766
789243938
173369081
583887958
619175679
119667502
294151249
540836825
126257224
442366146
344130872
480832247
652942916
381543847
742853661
747040077
539847451
592561018
765417016
32636498
951186440
940443437
331601568
632381616
422449966
570240349
4270296
540111021
132719348
736581905
868272669
266218466
378342196
41641751
702622777
997517875
13825605
996774026
390871053
140082830
439140172
735001925
473431429
92083088
116545772
68801443
691639518
508909576
661362461
309572886
394062426
612548901
250016323
725663994
97446870
672466289
148420696
954233518
65093662
133656396
690815424
933366332
399874863
69157620
827524435
102497640
919191847
693866392
951788018
310062900
833949222
243444543
45064825
159897004
188043983
14126950
228698447
879683501
375552878
890060908
189256387
769615304
355126162
291789062
347795651
452573032
964255351
496216347
259322902
881865366
629872743
950138326
667748050
882263958
871812298
347788837
837277950
643520498
41655229
789065969
953583398
728120804
32510512
851164576
888017808
73070847
717807878
116716255
952754349
945877108
6777163
142010736
568008764
214419677
286316151
915804415
666992709
103087854
264537114
926315612
984953220
746926210
728970290
652701270
629190168
453298941
490107
318984471
96819439
894661689
108050440
902919189
622782493
993077304
606600117
363316653
66148151
176924347
480032908
871418852
122801455
339326423
865945941
543326572
553746101
152262092
311647339
73255162
255349946
576184454
852087126
92819519
175627016
433573769
745520789
804817184
886872710
598527249
123801655
836208501
345705290
84368447
591644042
968487783
929962103
50760512
184320788
848626607
80201211
664353696
572561811
55519019
856196471
438507752
598845591
262458924
443286196
910492930
335714087
698636143
339193736
40317565
791455662
514820752
473891334
389492803
172154289
213280396
840536404
148472296
49488897
186241694
85357096
493649292
7245829
15319199
396926156
191566617
716462158
477127367
708436665
141540322
532646386
564633137
580048074
131491977
827092061
23334271
41984908
15322500
574486766
233694996
55640066
218458780
748515749
529531400
460467935
920670038
742811797
301004340
69142334
644817046
339762386
154499430
990982690
347008216
22334982
387908846
391091185
591313492
865036214
99527851
732853814
250198952
516677340
165418241
381690930
196285753
41268864
276192190
211608254
615755630
509887186
119764672
686730762
110919287
649296072
147198697
31589325
244624221
300719389
100731660
741957620
640481776
107747442
732940310
987489992
130082424
973365509
231097529
573912269
690918075
330625380
306766083
941117027
847302720
472184324
175324309
43588474
513453188
451516499
107713080
981725170
813920038
227477752
668455932
924839325
729290176
668170982
956428651
973914398
968890371
909676663
568388370
609372147
869940457
153845032
449378491
852539234
127210541
680476021
426451503
818128616
863617753
585733938
611761996
563436826
57918263
787086305
459541652
423887803
91119157
567254732
258129326
905039195
647248836
926585258
829878520
376539012
447272592
638823523
202969762
416162964
401016538
771358132
878051463
123473348
925203165
179946307
976012582
904930058
860422328
254980437
575575027
576556433
840714375
187337023
139993259
751148990
974423328
599534911
27553146
65542485
19305995
285682472
823098032
666554831
64784082
505492905
895610196
512056675
144316428
98579958
928219639
397849319
722454443
658787454
521322667
500173960
838733761
349851601
257620370
551672441
604832038
833195397
128228875
445546413
20532420
120738486
49211756
847472101
720273398
76764902
765530938
592095745
362447374
441145323
111166929
427231456
946638228
6777125
939288131
943471008
957873435
720024122
193836679
532844230
378811577
715159346
33018190
70061690
65010947
143154913
621734132
522359337
976350310
749963007
967905751
849399083
870701493
17117507
549387536
443491243
93882409
167434826
35586989
308846135
608580149
146753918
736077591
555218377
6047395
675365723
351205738
963920830
247906197
545042417
349281413
626717774
112718116
234815955
696779465
30245415
377970868
171029949
552604753
354321179
920992956
373026856
56236614
644210801
242660715
605624150
940218397
189059476
773058976
828321738
497905611
381639126
827592008
233983202
789373855
833639403
761865277
140579593
650076585
9771475
685622011
999357998
489005601
798340127
86690306
38301418
828585542
464661174
209331367
233706647
818982353
130324323
606733503
875218967
627051477
849394218
333359469
419786226
38453694
106418446
248107964
536359305
340573924
75699972
622858860
129947779
761855727
384724137
123043725
264448664
247011964
808665736
116323015
736017566
459522215
203013321
774318984
140624109
667674495
983650352
374330757
339173201
966491027
981064260
66908520
446058856
682974831
400267990
865845082
721428525
359202788
113953046
110304183
699776712
42169370
733163043
829724491
656541449
970403532
952768216
773506466
217415497
613950304
889829481
953433063
925988871
945359154
580268399
66612981
465550001
563918751
293460090
804723202
382926131
127040702
724148075
828984987
810015533
124416065
694830070
383960411
336135205
661299468
346780946
35911917
555985191
79943989
718152760
65042992
902863873
523437329
838549458
120279370
137387633
580895291
926228785
915892857
378770797
359013537
835022190
844320799
922932288
128482280
501560353
158374771
108039334
225708428
987359759
770571220
202640845
534706181
7047983
538776050
48522001
353828929
427204319
604507192
286289270
145357080
522066537
189153143
668794409
213132347
161948866
658698394
794027639
940694003
427107603
25314788
299707540
262129793
869635587
75156181
243128425
371195941
233530952
203684112
449420721
73407063
974255332
652061567
608113244
981303315
43353969
656635246
335132244
470558289
113658790
621421514
468431721
635725327
663091009
137226130
848857675
825039875
648440876
495401666
618250231
75548480
520716454
917957771
190194625
390352042
845630304
285839403
614064335
79161257
489523515
63485056
5084672
463778847
568062975
613197917
297598514
611416945
269833163
632730758
934491586
383491953
106668624
402923307
19217281
769759633
392665789
720591308
447315861
893623017
215992974
65566092
821687849
736709428
836040215
11882475
979577822
534186872
150238230
593642157
465864481
639761745
509643566
470949153
103540592
77706541
84147070
253655458
541639838
206496585
886386216
476131424
589988539
845571192
731571083
461722172
467847177
124236872
34829832
915163038
870376242
250822806
833245482
692064091
840048586
521802050
556462918
819626409
55988922
706701148
265784918
374369755
198979245
775428484
845318908
155036189
705651378
929465979
408691647
247291216
135962564
147594215
575938993
578467455
993165407
307510076
892705979
461012585
284263301
927535811
228691975
7155895
30874969
914453810
699219986
870923556
288772212
108199257
543066317
197277486
667416757
808851235
571647241
866396003
436796072
416966149
21432192
142447450
198948480
430123840
242255018
187427397
577718055
818194011
618411204
423399815
978220440
511117184
884412400
115000093
291169347
965620727
122155988
322044317
880074537
821375974
192967873
21363101
782091583
736034190
218640587
449508341

